439 
-2.05155 -0.43351 -0.65659 B   1 
-1.83819 -0.55116 -0.64212 S   1 
-1.99186 -0.33080 -0.35452 B   2 
-2.19145 -0.31566  0.01729 K   2 
-1.88341  0.00615 -0.41738 B   3 
-1.80495  0.02252 -0.72514 B   4 
-1.74949 -0.27368 -0.96813 E   4 
-1.96335  0.28701 -0.81036 B   5 
-2.22513  0.03442 -0.84911 E   5 
-1.74757  0.48234 -0.66456 B   6 
-1.89013  0.47574 -0.36289 L   6 
-1.50966  0.39688 -0.90444 B   7 
-1.34919  0.28986 -0.54466 F   7 
-1.58950  0.54088 -1.13974 B   8 
-1.83011  0.48275 -1.17759 T   8 
-1.35039  0.62838 -1.30849 B   9 
-1.19085  0.90916 -1.17827 B   10 
-0.97690  0.94891 -1.33013 V   10 
-1.01368  0.92450 -0.86019 B   11 
-1.20963  0.79964 -0.73229 V   11 
-0.91875  1.10277 -0.61026 B   12 
-1.04144  1.28120 -0.71319 P   12 
-0.59937  1.12567 -0.42440 B   13 
-0.57139  0.81991 -0.48450 I   13 
-0.50360  1.10531 -0.07104 B   14 
-0.51618  1.40138  0.04671 L   14 
-0.18775  1.12064  0.11370 B   15 
-0.13956  0.87028  0.03023 V   15 
-0.09979  1.05879  0.46698 B   16 
-0.25003  1.45125  0.49471 E   16 
 0.21757  1.06507  0.65221 B   17 
 0.36489  0.79215  0.60379 L   17 
 0.33632  0.96062  0.96878 B   18 
 0.19429  1.26612  1.04591 D   18 
 0.67162  0.93127  1.11035 B   19 
 0.89778  0.69457  1.30101 B   20 
 0.96349  0.82777  1.56432 D   20 
 1.24928  0.62203  1.27740 B   21 
 1.20742  0.48066  1.05974 V   21 
 1.45412  0.58500  1.52122 B   22 
 1.58342  0.30283  1.43632 N   22 
 1.34949  0.90204  1.58620 B   23 
 1.26812  0.98103  1.29306 B   24 
 1.64825  0.89940  1.23504 H   24 
 1.08738  1.24293  1.18544 B   25 
 0.89058  1.33848  1.60207 K   25 
 0.80671  1.23183  0.94250 B   26 
 0.92717  0.95398  0.78862 F   26 
 0.65096  1.34464  0.62540 B   27 
 0.49217  1.44998  0.83295 S   27 
 0.38353  1.25433  0.38728 B   28 
 0.55380  1.08563  0.26645 V   28 
 0.25962  1.36704  0.06203 B   29 
-0.09869  1.70576  0.08914 R   29 
-0.01761  1.27174 -0.15471 B   30 
-0.11201  1.28544 -0.51181 B   31 
-0.20820  1.67123 -0.36887 E   31 
-0.39601  1.17964 -0.72822 B   32 
-0.51641  0.88854 -0.92171 B   33 
-0.60519  1.11833 -1.22106 E   33 
-0.79245  0.65201 -0.99123 B   34 
-0.85186  0.33838 -1.19831 B   35 
-0.92288  0.39232 -1.47484 D   35 
-1.02254  0.06362 -1.11935 B   36 
-1.11977  0.11178 -0.93886 A   36 
-1.11265 -0.06014 -1.39067 B   37 
-1.33020  0.06003 -1.47077 T   37 
-0.77896 -0.06475 -1.46184 B   38 
-0.87712  0.07289 -1.73601 N   38 
-0.58496 -0.07339 -1.20795 B   39 
-0.49400  0.24376 -1.18366 B   40 
-0.32092  0.42109 -1.54181 K   40 
-0.20989  0.44454 -1.05801 B   41 
-0.35879  0.33203 -0.76100 L   41 
-0.13698  0.79971 -0.97102 B   42 
-0.15343  0.83136 -1.21487 T   42 
 0.15087  0.93981 -0.79048 B   43 
-0.09812  0.83414 -0.55878 L   43 
 0.26962  1.20411 -0.56583 B   44 
 0.50121  1.52983 -0.74456 K   44 
 0.54673  1.23372 -0.34430 B   45 
 0.31368  0.88568 -0.26288 F   45 
 0.63064  1.41960 -0.03944 B   46 
 0.57241  1.66422 -0.17305 I   46 
 0.86028  1.55344  0.17856 B   47 
 1.02215  1.40253  0.36127 C   47 
 0.76148  1.78530  0.44169 B   48 
 0.52733  1.73575  0.42420 T   48 
 1.05241  1.75577  0.63583 B   49 
 0.91744  1.60907  0.77268 T   49 
 1.25361  1.68375  0.39574 B   50 
 1.44368  1.42658  0.45231 B   51 
 1.64577  1.45374  0.38587 K   51 
 1.42921  1.10080  0.40490 B   52 
 1.14531  0.95741  0.30130 L   52 
 1.52479  0.84401  0.64279 B   53 
 1.36777  0.97010  0.76621 P   53 
 1.42069  0.65683  0.41148 B   54 
 1.29027  0.52292  0.59537 V   54 
 1.34997  0.46193  0.16242 B   55 
 1.55437  0.34563  0.20437 P   55 
 1.10100  0.48758 -0.05907 B   56 
 1.02207  0.92073 -0.11842 W   56 
 1.03871  0.17956 -0.11280 B   57 
 1.24704  0.23413 -0.25994 P   57 
 0.95426  0.11800  0.19762 B   58 
 1.17041  0.15296  0.30938 T   58 
 0.66107  0.29615  0.14574 B   59 
 0.79209  0.52515  0.33919 L   59 
 0.47379  0.18757 -0.07864 B   60 
 0.60943  0.14666 -0.29763 V   60 
 0.27035 -0.00894  0.07659 B   61 
 0.41858 -0.21425  0.09784 T   61 
 0.16146  0.21689  0.26894 B   62 
 0.32001  0.20770  0.48102 T   62 
 0.06417  0.43585  0.06193 B   63 
 0.33751  0.63858  0.07501 L   63 
 0.05438  0.27735 -0.26878 B   64 
-0.08324 -0.02667 -0.06747 Z   64 
-0.34329  0.17058  0.08276 B   64 
 0.22698 -0.36281 -0.32182 Y   64 
-0.52216  0.14087 -0.23200 B   65 
-0.50144  0.38109 -0.22089 V   65 
-0.67946 -0.15111 -0.28860 B   66 
-0.42019 -0.37286 -0.06541 Q   66 
-0.95379 -0.02840 -0.40935 B   67 
-0.97335  0.17510 -0.22775 C   67 
-0.80210 -0.01303 -0.71263 B   68 
-0.82450  0.38828 -0.62655 F   68 
-0.85962 -0.28505 -0.79690 B   69 
-0.69209 -0.41053 -0.61408 S   69 
-0.89042 -0.53411 -1.05144 B   70 
-0.92386 -0.51857 -1.55723 R   70 
-1.17288 -0.71396 -1.07443 B   71 
-1.09389 -0.78241 -0.59849 Y   71 
-1.31097 -0.96789 -1.19236 B   72 
-1.09074 -1.07312 -1.20154 P   72 
-1.62595 -1.04302 -1.27662 B   73 
-1.61881 -1.12675 -1.56245 D   73 
-1.60702 -1.33299 -1.09850 B   74 
-1.37434 -1.49609 -1.24916 H   74 
-1.48579 -1.14705 -0.82032 B   75 
-1.13396 -1.30699 -0.85350 M   75 
-1.63222 -0.89279 -0.70577 B   76 
-1.62341 -0.68341 -1.05454 K   76 
-1.74409 -0.99043 -0.41377 B   77 
-1.87322 -1.37412 -0.30020 R   77 
-1.42521 -1.01623 -0.30840 B   78 
-1.49332 -1.39090 -0.40322 H   78 
-1.42687 -0.69629 -0.26568 B   79 
-1.31101 -0.50047 -0.44931 D   79 
-1.36788 -0.54907  0.02770 B   80 
-1.28162 -0.57568  0.36315 F   80 
-1.26567 -0.25948 -0.01967 B   81 
-0.88575 -0.45054 -0.04334 F   81 
-1.52806 -0.15004 -0.16476 B   82 
-1.34867 -0.15435 -0.56864 K   82 
-1.74351 -0.26631  0.03990 B   83 
-1.75312 -0.51478 -0.06068 S   83 
-1.64300 -0.03952  0.26914 B   84 
-1.49870 -0.14659  0.35633 A   84 
-1.77688  0.17413  0.10952 B   85 
-1.40955  0.28293  0.04572 M   85 
-1.72960  0.49790  0.22689 B   86 
-1.94166  0.54307  0.13239 P   86 
-1.63412  0.45688  0.52615 B   87 
-1.99459  0.32313  0.69868 E   87 
-1.42722  0.21964  0.52538 B   88 
-1.08866  0.12782  0.64549 B   89 
-0.96988 -0.03816  0.30966 Y   89 
-0.86859 -0.05686  0.83516 B   90 
-0.87954  0.04861  1.08134 V   90 
-0.50280 -0.05837  0.80901 B   91 
-0.41973 -0.14337  0.43059 Q   91 
-0.27789 -0.31114  0.92179 B   92 
-0.47128 -0.24497  1.28413 E   92 
 0.08622 -0.33632  0.99611 B   93 
 0.02741 -0.33773  0.45753 R   93 
 0.36406 -0.56152  0.97172 B   94 
 0.37296 -0.61673  1.23573 T   94 
 0.70533 -0.49303  0.89353 B   95 
 0.61144 -0.35023  0.63899 I   95 
 0.96734 -0.72776  0.82197 B   96 
 0.86967 -0.84154  1.04144 S   96 
 1.29924 -0.68340  0.80740 B   97 
 1.18198 -0.32398  0.60892 F   97 
 1.54099 -0.87238  0.72381 B   98 
 1.59520 -1.27864  0.55876 K   98 
 1.77942 -0.82731  0.95746 B   99 
 2.02103 -0.96888  0.96296 D   99 
 1.59114 -0.59310  1.07803 B   100 
 1.75543 -0.33765  0.90727 D   100 
 1.34999 -0.39012  1.10494 B   101 
 1.02422 -0.23648  1.19825 B   102 
 0.94413 -0.48500  1.27861 T   102 
 0.69114 -0.18201  1.08799 B   103 
 0.93411  0.09990  0.76904 Y   103 
 0.41736  0.01199  1.20867 B   104 
 0.21286 -0.14943  1.53945 K   104 
 0.07552  0.02665  1.08500 B   105 
 0.18982  0.05547  0.86401 T   105 
-0.19012  0.28241  1.04961 B   106 
-0.56942  0.28198  1.33951 R   106 
-0.49760  0.30379  0.85895 B   107 
-0.35401  0.34760  0.69362 A   107 
-0.72744  0.51699  0.67476 B   108 
-0.92129  0.57200  1.05090 E   108 
-0.97810  0.43176  0.43130 B   109 
-0.79596  0.33765  0.26681 V   109 
-1.16188  0.69619  0.26614 B   110 
-1.23113  0.74770  0.66155 K   110 
-1.41340  0.91142  0.20842 B   111 
-1.47182  0.74220 -0.19108 F   111 
-1.38079  1.26724  0.11663 B   112 
-1.11018  1.29779  0.42766 E   112 
-1.60514  1.29293 -0.05703 B   113 
-1.44720  1.24489 -0.37645 B   114 
-1.70205  1.39908 -0.50795 D   114 
-1.20475  1.15070 -0.19534 B   115 
-1.03536  1.34944 -0.25729 T   115 
-0.94791  0.92760 -0.15910 B   116 
-0.98646  0.63058 -0.17231 L   116 
-0.82231  0.84035  0.16587 B   117 
-0.82024  1.10514  0.22690 V   117 
-0.48148  0.80708  0.31906 B   118 
-0.36571  0.53310  0.27842 N   118 
-0.42403  0.76149  0.66649 B   119 
-0.63777  1.22797  0.61846 R   119 
-0.09577  0.75565  0.83560 B   120 
-0.04767  0.56310  0.61387 I   120 
 0.09071  0.55355  1.07419 B   121 
-0.18482  0.72671  1.25791 E   121 
 0.44926  0.52814  1.14979 B   122 
 0.58725  0.40108  0.90109 L   122 
 0.66191  0.28112  1.31296 B   123 
 0.70018  0.37566  1.74490 K   123 
 1.01239  0.25740  1.35435 B   124 
 1.22285 -0.02471  1.46133 B   125 
 1.03490 -0.05104  1.68077 I   125 
 1.54630 -0.16110  1.49796 B   126 
 1.39429 -0.27404  1.75169 D   126 
 1.74258 -0.03181  1.31292 B   127 
 1.40943 -0.01858  1.03713 F   127 
 2.04173 -0.06354  1.15426 B   128 
 2.13987 -0.44918  1.03431 K   128 
 2.34723  0.03729  1.12593 B   129 
 2.56972  0.32281  1.29153 E   129 
 2.43649  0.00545  0.79579 B   130 
 2.70531 -0.00177  0.73830 D   130 
 2.19550 -0.07309  0.66237 B   131 
 1.97018 -0.08542  0.40106 B   132 
 2.04877 -0.38612  0.28711 N   132 
 1.79383  0.14492  0.52023 B   133 
 1.58028 -0.03122  0.59832 I   133 
 1.96842  0.36262  0.68477 B   134 
 1.82959  0.35322  0.98385 L   134 
 2.19453  0.33071  0.43967 B   135 
 2.08006  0.35323  0.15722 B   136 
 1.88294  0.65979  0.29872 H   136 
 2.08282  0.04792 -0.03788 B   137 
 2.41000 -0.03458  0.26372 K   137 
 1.83408  0.09541 -0.20973 B   138 
 1.64988 -0.08962  0.01366 L   138 
 1.68507  0.07989 -0.49055 B   139 
 1.93190 -0.15588 -0.74126 E   139 
 1.50324  0.27660 -0.74019 B   140 
 1.29846  0.63444 -0.69710 Y   140 
 1.26825  0.03210 -0.72087 B   141 
 1.48616 -0.11000 -0.84778 N   141 
 1.01979 -0.23181 -0.83445 B   142 
 0.80187 -0.17167 -0.48064 F   142 
 0.85459 -0.51234 -0.78184 B   143 
 1.16540 -0.67318 -0.78177 N   143 
 0.65651 -0.78349 -0.83288 B   144 
 0.58351 -0.70705 -1.08818 S   144 
 0.35223 -0.89060 -0.66077 B   145 
 0.67712 -0.74903 -0.45487 H   145 
 0.17721 -1.09242 -0.40889 B   146 
 0.16809 -1.26986 -0.69497 N   146 
-0.14206 -1.07493 -0.24372 B   147 
-0.12529 -0.83238 -0.15536 V   147 
-0.25834 -1.26403  0.02771 B   148 
 0.02861 -1.53864 -0.22238 Y   148 
-0.60314 -1.34236  0.07720 B   149 
-0.68208 -1.04800  0.00230 I   149 
-0.81245 -1.35909  0.37847 B   150 
-0.72361 -1.58203  0.46202 T   150 
-1.03743 -1.43247  0.60124 B   151 
-1.23998 -1.45821  0.51543 A   151 
-1.17784 -1.25142  0.90948 B   152 
-0.94831 -1.17005  1.07936 D   152 
-1.42487 -1.32808  1.10436 B   153 
-1.46711 -1.53683  1.06888 K   153 
-1.37612 -1.18656  1.38046 B   154 
-1.22189 -1.30144  1.47859 Q   154 
-1.33230 -0.88931  1.21508 B   155 
-1.14244 -0.85791  1.25481 K   155 
-1.49535 -0.87237  0.95644 B   156 
-1.76508 -0.82535  0.94272 N   156 
-1.25138 -0.94003  0.74489 B   157 
-0.90223 -0.92198  0.66001 B   158 
-0.95872 -0.87285  0.37747 I   158 
-0.60607 -1.08629  0.54344 B   159 
-0.56881 -1.22206  1.00258 K   159 
-0.24471 -1.04672  0.47857 B   160 
-0.31925 -0.93265  0.30317 A   160 
 0.02801 -1.19259  0.27708 B   161 
-0.01166 -1.33123  0.58461 N   161 
 0.37520 -1.08988  0.21338 B   162 
 0.20055 -0.80297  0.09078 F   162 
 0.67870 -1.04485  0.00046 B   163 
 0.82373 -1.40363  0.25487 K   163 
 0.91456 -0.80928 -0.02348 B   164 
 0.73350 -0.58046 -0.07974 I   164 
 1.15029 -0.71534 -0.28895 B   165 
 1.05112 -1.06201 -0.49356 R   165 
 1.45595 -0.54567 -0.23667 B   166 
 1.19072 -0.31696 -0.02964 H   166 
 1.68252 -0.39603 -0.41299 B   167 
 1.60556 -0.54342 -0.71129 N   167 
 2.02695 -0.39907 -0.39457 B   168 
 2.05025 -0.45827 -0.12601 V   168 
 2.32078 -0.24263 -0.48738 B   169 
 2.41468  0.04802 -0.24105 E   169 
 2.48654 -0.54076 -0.46426 B   170 
 2.49038 -0.58725 -0.20398 D   170 
 2.24528 -0.75740 -0.57059 B   171 
 2.07821 -0.79868 -0.34722 B   172 
 2.20710 -0.79825 -0.13671 S   172 
 1.80865 -0.89023 -0.10659 B   173 
 1.64924 -0.96286 -0.30781 V   173 
 1.53866 -0.72266  0.06068 B   174 
 1.63894 -0.58554  0.35399 Q   174 
 1.32445 -0.83729  0.29246 B   175 
 1.33539 -1.15422  0.14503 L   175 
 0.95274 -0.78940  0.34335 B   176 
 0.99433 -0.58908  0.34296 A   176 
 0.73642 -0.87681  0.57887 B   177 
 0.88786 -1.17850  0.59207 D   177 
 0.37662 -0.90191  0.54714 B   178 
 0.48625 -0.56692  0.34286 H   178 
 0.12354 -0.80117  0.78248 B   179 
-0.06917 -1.03376  1.08143 Y   179 
-0.23980 -0.79995  0.73948 B   180 
-0.27786 -0.57995  0.40942 Q   180 
-0.52471 -0.58079  0.84169 B   181 
-0.45640 -0.78360  1.19514 Q   181 
-0.88513 -0.55878  0.77968 B   182 
-0.71708 -0.44467  0.50898 N   182 
-1.14104 -0.31666  0.88084 B   183 
-1.12321 -0.43713  1.12255 T   183 
-1.44641 -0.20873  0.90670 B   184 
-1.52469 -0.39091  0.82188 P   184 
-1.60626  0.08607  0.99244 B   185 
-1.40377  0.31181  0.93200 I   185 
-1.86244 -0.02794  0.87933 B   186 
-1.98900 -0.16004  0.62709 B   187 
-2.31543 -0.09724  0.69499 D   187 
-1.96647 -0.45860  0.47293 B   188 
-1.98723 -0.74217  0.34373 B   189 
-1.78167 -0.75163  0.27154 P   189 
-2.19289 -1.00596  0.33179 B   190 
-2.42203 -0.97078  0.20882 V   190 
-1.93523 -1.15377  0.23022 B   191 
-2.15360 -1.38383  0.10558 L   191 
-1.65420 -1.29826  0.26392 B   192 
-1.56322 -1.18434  0.58540 L   192 
-1.37917 -1.37695  0.11554 B   193 
-1.31547 -1.16187  0.10618 P   193 
-1.21013 -1.57096 -0.06847 B   194 
-1.47200 -1.79828 -0.13347 D   194 
-0.93901 -1.69490 -0.16374 B   195 
-0.81454 -1.84318  0.11745 N   195 
-0.68467 -1.45840 -0.27677 B   196 
-0.92674 -1.22973 -0.32090 H   196 
-0.52150 -1.22170 -0.50934 B   197 
-0.30815 -1.45417 -0.73801 Y   197 
-0.27656 -0.97044 -0.57285 B   198 
-0.50648 -0.75368 -0.43181 L   198 
-0.14535 -0.80289 -0.85410 B   199 
-0.06533 -0.96625 -1.03220 S   199 
 0.16939 -0.62682 -0.86527 B   200 
 0.12362 -0.57001 -0.63156 T   200 
 0.27905 -0.30571 -1.01553 B   201 
 0.17417 -0.56868 -1.26559 Q   201 
 0.57114 -0.08667 -1.02639 B   202 
 0.45787 -0.07643 -0.77476 S   202 
 0.66642  0.27047 -1.08743 B   203 
 0.68952  0.21689 -1.34274 V   203 
 0.95543  0.45984 -1.04670 B   204 
 0.93537  0.33961 -0.72675 L   204 
 1.00604  0.82193 -1.02256 B   205 
 0.87877  0.83388 -1.23485 S   205 
 1.09566  1.15605 -1.13840 B   206 
 1.33398  1.05523 -0.78442 K   206 
 1.08248  1.50447 -1.09189 B   207 
 0.82515  1.66976 -1.10197 D   207 
 1.26373  1.73967 -1.26100 B   208 
 1.16350  1.61893 -1.45030 P   208 
 1.09478  1.99391 -1.09635 B   209 
 1.03734  2.06769 -1.40440 N   209 
 1.18445  1.85561 -0.81055 B   210 
 0.90588  1.85224 -0.62040 E   210 
 1.35601  1.94443 -0.50920 B   211 
 1.39741  2.14306 -0.55087 K   211 
 1.21803  1.75878 -0.34204 B   212 
 0.81302  2.01961 -0.25103 R   212 
 1.15756  1.49225 -0.17437 B   213 
 1.37867  1.28582 -0.04254 D   213 
 1.05409  1.21818 -0.39724 B   214 
 1.04631  1.41066 -0.65080 H   214 
 0.76434  1.03124 -0.56033 B   215 
 0.78694  0.67091 -0.42033 M   215 
 0.68555  0.86256 -0.84983 B   216 
 0.65259  1.06717 -1.02119 V   216 
 0.37586  0.67401 -0.91512 B   217 
 0.40030  0.44579 -0.68554 L   217 
 0.30029  0.35833 -1.07601 B   218 
 0.22604  0.39921 -1.38395 L   218 
 0.00261  0.14615 -1.07024 B   219 
 0.06929  0.02572 -0.67958 E   219 
-0.07947 -0.21735 -1.09799 B   220 
-0.09492 -0.03255 -1.48790 F   220 
-0.39533 -0.38652 -1.01236 B   221 
-0.30420 -0.35935 -0.76435 V   221 
-0.49713 -0.72710 -0.95803 B   222 
-0.47082 -0.75024 -1.21053 T   222 
-0.72132 -0.99609 -0.94547 B   223 
-0.83582 -0.93329 -0.76581 A   223 
-0.69546 -1.34338 -0.82533 B   224 
-0.57959 -1.35029 -1.02689 A   224 
-0.76447 -1.71840 -0.77335 B   225 
-1.04248 -1.73386 -0.92341 B   226 
-1.20522 -1.67793 -0.66104 I   226 
-1.24755 -1.91752 -1.11508 B   227 
-1.11027 -2.12643 -1.15501 T   227 
-1.43832 -1.92761 -1.37994 B   228 
-1.63140 -1.68821 -1.58751 H   228 
-1.72743 -2.09287 -1.44870 B   229 
