439 
-0.27891 -1.79597 -1.23473 B   1 
-0.26379 -1.74085 -0.99745 S   1 
-0.48237 -1.54423 -1.25908 B   2 
-0.86550 -1.46420 -1.41754 K   2 
-0.26642 -1.29596 -1.40392 B   3 
 0.03243 -1.39387 -1.35656 B   4 
 0.15134 -1.67389 -1.11718 E   4 
 0.15153 -1.35802 -1.65124 B   5 
 0.00363 -1.69165 -1.67682 E   5 
 0.17006 -1.03438 -1.62155 B   6 
-0.14134 -0.97036 -1.72308 L   6 
 0.42563 -1.07150 -1.38756 B   7 
 0.12798 -0.86749 -1.19669 F   7 
 0.65621 -1.14273 -1.54325 B   8 
 0.58687 -1.33848 -1.68318 T   8 
 0.91486 -1.03227 -1.42408 B   9 
 0.95982 -0.69400 -1.49336 B   10 
 1.17769 -0.62040 -1.36095 V   10 
 0.74934 -0.42242 -1.37194 B   11 
 0.52662 -0.55235 -1.43404 V   11 
 0.63092 -0.12769 -1.42065 B   12 
 0.74532 -0.13541 -1.63122 P   12 
 0.58534  0.16502 -1.19860 B   13 
 0.53311 -0.04561 -0.97324 I   13 
 0.30381  0.38411 -1.11379 B   14 
 0.30766  0.62626 -1.32122 L   14 
 0.25520  0.66936 -0.88929 B   15 
 0.25057  0.49440 -0.68598 V   15 
-0.04429  0.85717 -0.78253 B   16 
 0.02728  1.03659 -1.15677 E   16 
-0.09618  1.13771 -0.55086 B   17 
-0.10639  1.02319 -0.25878 L   17 
-0.36942  1.29759 -0.39272 B   18 
-0.37020  1.45050 -0.70267 D   18 
-0.39074  1.54376 -0.12387 B   19 
-0.56815  1.61778  0.20258 B   20 
-0.72469  1.87326  0.16230 D   20 
-0.45706  1.76294  0.51235 B   21 
-0.33511  1.53886  0.57583 V   21 
-0.61343  1.97971  0.68938 B   22 
-0.60151  1.83056  0.97425 N   22 
-0.58688  2.15564  0.39950 B   23 
-0.33090  2.01275  0.28618 B   24 
-0.18381  2.15144  0.62330 H   24 
-0.20084  2.02279 -0.02338 B   25 
-0.59198  2.17860 -0.23357 K   25 
-0.08849  1.73154 -0.22456 B   26 
-0.01818  1.54556  0.05085 F   26 
 0.17593  1.55534 -0.41580 B   27 
-0.01779  1.63493 -0.60430 S   27 
 0.25910  1.22320 -0.55415 B   28 
 0.35802  1.15284 -0.31473 V   28 
 0.54119  1.06130 -0.72165 B   29 
 0.52372  1.08527 -1.21458 R   29 
 0.60072  0.73097 -0.86394 B   30 
 0.88347  0.50651 -0.94328 B   31 
 0.87088  0.77057 -1.27288 E   31 
 0.93654  0.16566 -1.08358 B   32 
 0.95563 -0.18821 -0.97830 B   33 
 1.27056 -0.24145 -1.19804 E   33 
 0.83557 -0.53515 -1.02521 B   34 
 0.87846 -0.87499 -0.85954 B   35 
 1.11422 -1.01970 -0.94842 D   35 
 0.65087 -1.11123 -0.80256 B   36 
 0.47994 -1.04631 -0.90704 A   36 
 0.80969 -1.37877 -0.78674 B   37 
 0.85093 -1.46753 -1.02883 T   37 
 0.98125 -1.22400 -0.53565 B   38 
 1.23699 -1.32938 -0.70070 N   38 
 0.82308 -0.99019 -0.38568 B   39 
 0.95035 -0.72122 -0.53026 B   40 
 1.38431 -0.68591 -0.52028 K   40 
 1.01121 -0.36456 -0.45343 B   41 
 0.66238 -0.37472 -0.48883 L   41 
 1.09227 -0.05022 -0.63687 B   42 
 1.30970 -0.16132 -0.67027 T   42 
 1.08430  0.29701 -0.51666 B   43 
 0.76107  0.20060 -0.63101 L   43 
 1.02771  0.64827 -0.60523 B   44 
 1.38102  0.90270 -0.65103 K   44 
 0.93959  0.93865 -0.41908 B   45 
 0.66176  0.62033 -0.35944 F   45 
 0.77274  1.25936 -0.48108 B   46 
 0.95988  1.31625 -0.68802 I   46 
 0.71052  1.58756 -0.39994 B   47 
 0.55037  1.67558 -0.17866 C   47 
 0.53577  1.81113 -0.62849 B   48 
 0.45416  1.63483 -0.76937 T   48 
 0.45401  2.05776 -0.39250 B   49 
 0.23582  1.95357 -0.39466 T   49 
 0.70248  2.00792 -0.19478 B   50 
 0.62151  1.98081  0.11854 B   51 
 0.75676  2.08215  0.25057 K   51 
 0.53664  1.73904  0.32575 B   52 
 0.47809  1.43045  0.21068 L   52 
 0.26718  1.74809  0.56859 B   53 
 0.15463  1.79999  0.36753 P   53 
 0.36310  1.45164  0.61645 B   54 
 0.11045  1.38184  0.60911 V   54 
 0.48269  1.16067  0.69428 B   55 
 0.47152  1.22522  0.92401 P   55 
 0.60073  0.92217  0.49207 B   56 
 0.78670  1.12556  0.14361 W   56 
 0.51194  0.66097  0.65186 B   57 
 0.72935  0.74321  0.77017 P   57 
 0.19199  0.72765  0.63029 B   58 
 0.18053  0.93127  0.76754 T   58 
 0.20503  0.64650  0.29318 B   59 
 0.16645  0.96654  0.23736 L   59 
 0.29633  0.35590  0.22664 B   60 
 0.51615  0.29866  0.35481 V   60 
 0.02081  0.18918  0.20691 B   61 
-0.02431  0.15354  0.45444 T   61 
-0.09827  0.36763 -0.02511 B   62 
-0.23230  0.55963  0.09889 T   62 
 0.12983  0.34867 -0.24391 B   63 
 0.28529  0.64407 -0.17639 L   63 
 0.35403  0.07561 -0.14515 B   64 
 0.02067 -0.09913 -0.04403 Z   64 
-0.12313 -0.04772 -0.36926 B   64 
 0.21980 -0.26294  0.41142 Y   64 
 0.07856 -0.32787 -0.48233 B   65 
 0.16515 -0.15571 -0.62765 V   65 
-0.03357 -0.63525 -0.40390 B   66 
-0.22252 -0.51614 -0.06283 Q   66 
 0.02483 -0.77558 -0.68988 B   67 
-0.06336 -0.56512 -0.84057 C   67 
 0.34392 -0.82946 -0.58744 B   68 
 0.41103 -0.54111 -0.87257 F   68 
 0.29656 -1.08002 -0.44820 B   69 
 0.14766 -0.97228 -0.23973 S   69 
 0.41412 -1.38544 -0.30446 B   70 
 0.84671 -1.64774 -0.33972 R   70 
 0.27268 -1.67634 -0.39407 B   71 
-0.13848 -1.43664 -0.28955 Y   71 
 0.23424 -1.97876 -0.32681 B   72 
 0.27676 -1.92349 -0.09272 P   72 
 0.17390 -2.25175 -0.51064 B   73 
 0.39270 -2.44443 -0.44932 D   73 
-0.08178 -2.33834 -0.30257 B   74 
 0.06593 -2.38385 -0.02052 H   74 
-0.21302 -2.00932 -0.33686 B   75 
-0.12601 -1.92501  0.03163 M   75 
-0.26672 -1.87323 -0.61580 B   76 
 0.11608 -1.90776 -0.74935 K   76 
-0.59330 -1.85487 -0.63361 B   77 
-0.87745 -2.11985 -0.47287 R   77 
-0.58745 -1.63403 -0.37935 B   78 
-0.66737 -1.96206 -0.17930 H   78 
-0.50610 -1.40770 -0.59464 B   79 
-0.23554 -1.30636 -0.63954 D   79 
-0.68571 -1.13207 -0.64929 B   80 
-0.95724 -0.93147 -0.56737 F   80 
-0.50287 -0.91015 -0.76707 B   81 
-0.42626 -0.82484 -0.35687 F   81 
-0.42434 -1.06428 -1.03530 B   82 
-0.01616 -1.16509 -0.89911 K   82 
-0.71686 -1.16160 -1.11764 B   83 
-0.72532 -1.37739 -0.95854 S   83 
-0.79747 -0.84277 -1.19466 B   84 
-0.86449 -0.78448 -1.01578 A   84 
-0.62464 -0.86264 -1.43712 B   85 
-0.40605 -0.61169 -1.23690 M   85 
-0.59013 -0.56817 -1.61859 B   86 
-0.56246 -0.70922 -1.80642 P   86 
-0.83259 -0.38960 -1.52018 B   87 
-1.15231 -0.59826 -1.69860 E   87 
-0.85087 -0.42281 -1.20768 B   88 
-0.87573 -0.22569 -0.89462 B   89 
-0.60685 -0.43164 -0.69530 Y   89 
-1.03498 -0.12221 -0.60750 B   90 
-1.21263  0.06244 -0.68619 V   90 
-0.89051  0.07567 -0.33462 B   91 
-0.56660 -0.12014 -0.21603 Q   91 
-1.00687  0.09969  0.00165 B   92 
-1.36077  0.21142 -0.18634 E   92 
-0.95876  0.33160  0.28912 B   93 
-0.51256  0.02730  0.24634 R   93 
-0.92838  0.33544  0.64629 B   94 
-1.17454  0.43708  0.68984 T   94 
-0.72103  0.53814  0.85410 B   95 
-0.47895  0.44837  0.68876 I   95 
-0.65863  0.50308  1.20587 B   96 
-0.92366  0.48301  1.20941 S   96 
-0.51848  0.71664  1.42287 B   97 
-0.25226  0.78079  1.09525 F   97 
-0.43544  0.69328  1.72897 B   98 
-0.42536  0.38067  2.04107 K   98 
-0.54125  0.97726  1.87604 B   99 
-0.51780  1.02888  2.15032 D   99 
-0.62163  1.07921  1.57940 B   100 
-0.32384  1.25343  1.53060 D   100 
-0.65017  1.08360  1.26437 B   101 
-0.78287  1.04041  0.91947 B   102 
-0.97162  0.87423  1.02621 T   102 
-0.77859  0.82734  0.63547 B   103 
-0.31632  0.99007  0.62743 Y   103 
-0.90260  0.85393  0.30220 B   104 
-1.31747  0.79697  0.25821 K   104 
-0.90442  0.60347  0.03832 B   105 
-0.66410  0.57774  0.10398 T   105 
-0.86761  0.59649 -0.33022 B   106 
-1.24572  0.52142 -0.61184 R   106 
-0.79743  0.33676 -0.57306 B   107 
-0.58993  0.36548 -0.49565 A   107 
-0.63559  0.24871 -0.88652 B   108 
-1.00573  0.35989 -1.06739 E   108 
-0.54029 -0.07312 -1.01580 B   109 
-0.37188 -0.11042 -0.81747 V   109 
-0.36048 -0.09199 -1.32931 B   110 
-0.70693  0.09876 -1.41523 K   110 
-0.31466 -0.12805 -1.66025 B   111 
-0.05113 -0.47059 -1.59046 F   111 
-0.09202  0.07395 -1.87407 B   112 
-0.25947  0.40594 -1.69338 E   112 
-0.00715 -0.12634 -2.05800 B   113 
 0.30445 -0.22547 -1.90849 B   114 
 0.39037 -0.33965 -2.20106 D   114 
 0.19373 -0.05506 -1.66527 B   115 
 0.37791  0.14001 -1.67234 T   115 
 0.16536 -0.03172 -1.32511 B   116 
 0.05352 -0.25184 -1.15505 L   116 
-0.10645  0.14739 -1.17339 B   117 
-0.06021  0.34954 -1.34900 V   117 
-0.13745  0.40005 -0.89781 B   118 
-0.16535  0.27047 -0.62846 N   118 
-0.43604  0.57774 -0.82461 B   119 
-0.29260  0.73012 -1.29556 R   119 
-0.47483  0.84872 -0.57672 B   120 
-0.33828  0.64178 -0.41215 I   120 
-0.69416  0.94600 -0.30291 B   121 
-0.88110  0.98968 -0.62354 E   121 
-0.64911  1.17519 -0.01942 B   122 
-0.43479  1.04899  0.16814 L   122 
-0.81107  1.22099  0.30389 B   123 
-1.13719  1.52001  0.26909 K   123 
-0.73847  1.42949  0.58025 B   124 
-0.86554  1.42335  0.92542 B   125 
-1.12824  1.40724  0.80335 I   125 
-0.83973  1.54127  1.25706 B   126 
-1.15229  1.50740  1.21965 D   126 
-0.56576  1.64567  1.31644 B   127 
-0.43348  1.32327  1.05998 F   127 
-0.34007  1.71923  1.56000 B   128 
-0.34668  1.46791  1.89094 K   128 
-0.17585  1.94697  1.71959 B   129 
-0.13871  2.34245  1.69393 E   129 
 0.12807  1.81310  1.80722 B   130 
 0.26512  1.93546  2.01184 D   130 
 0.13380  1.55620  1.68066 B   131 
 0.28012  1.28706  1.52144 B   132 
 0.29334  1.08206  1.78103 N   132 
 0.20352  1.39272  1.23627 B   133 
-0.00101  1.19469  1.19540 I   133 
 0.20035  1.71628  1.22038 B   134 
-0.10859  1.77936  1.12349 L   134 
 0.47640  1.70418  1.40977 B   135 
 0.69107  1.51111  1.30962 B   136 
 0.61651  1.66497  0.95802 H   136 
 0.74748  1.21864  1.51594 B   137 
 0.56510  1.50592  1.81430 K   137 
 0.83072  1.01916  1.29929 B   138 
 0.50688  0.90505  1.28618 L   138 
 1.01829  0.78241  1.19892 B   139 
 1.23036  0.64830  1.54010 E   139 
 1.24675  0.67883  0.93216 B   140 
 1.27391  0.81205  0.54056 Y   140 
 1.06052  0.39498  0.92110 B   141 
 1.19053  0.36630  1.17812 N   141 
 0.97767  0.02437  0.91300 B   142 
 0.62072  0.11374  0.71081 F   142 
 0.77259 -0.22560  0.97791 B   143 
 0.81674 -0.14901  1.31651 N   143 
 0.64974 -0.54040  1.01210 B   144 
 0.87481 -0.66116  0.90670 S   144 
 0.35909 -0.69957  0.85762 B   145 
 0.34209 -0.31725  1.00438 H   145 
 0.00740 -0.80492  0.86257 B   146 
 0.18615 -1.06746  0.97451 N   146 
-0.23596 -0.89605  0.61359 B   147 
-0.21673 -0.68603  0.46378 V   147 
-0.58020 -0.94938  0.65369 B   148 
-0.36968 -1.08495  1.05068 Y   148 
-0.76753 -1.17482  0.44984 B   149 
-0.61968 -1.06855  0.19422 I   149 
-1.10467 -1.15621  0.30548 B   150 
-1.23016 -1.20645  0.52066 T   150 
-1.40014 -1.22239  0.18736 B   151 
-1.40317 -1.39922  0.05404 A   151 
-1.64676 -1.03307 -0.03812 B   152 
-1.68684 -0.76277  0.07804 D   152 
-1.92667 -1.12808 -0.17042 B   153 
-1.98766 -1.30466 -0.06215 K   153 
-2.09686 -0.87068 -0.22886 B   154 
-2.17293 -0.80619 -0.03738 Q   154 
-1.82851 -0.73667 -0.39517 B   155 
-1.78772 -0.58660 -0.27508 K   155 
-1.65279 -0.94958 -0.52770 B   156 
-1.71368 -1.08245 -0.75962 N   156 
-1.41311 -0.95756 -0.30111 B   157 
-1.21608 -0.78610 -0.05369 B   158 
-0.97204 -0.92850 -0.12856 I   158 
-1.07711 -0.77856  0.27635 B   159 
-1.51271 -0.61476  0.39488 K   159 
-0.88532 -0.57617  0.51844 B   160 
-0.71597 -0.63365  0.38671 A   160 
-0.67379 -0.61280  0.81872 B   161 
-1.00491 -0.57123  0.88200 N   161 
-0.46430 -0.37740  1.00804 B   162 
-0.30993 -0.35523  0.68628 F   162 
-0.16164 -0.27904  1.20347 B   163 
-0.46677 -0.29871  1.55131 K   163 
 0.02557 -0.00274  1.22117 B   164 
 0.09874  0.01150  0.93351 I   164 
 0.36924  0.06154  1.33350 B   165 
 0.38441 -0.32136  1.49174 R   165 
 0.48929  0.37399  1.44717 B   166 
 0.30626  0.47105  1.09703 H   166 
 0.77340  0.51340  1.51544 B   167 
 0.95120  0.22478  1.55684 N   167 
 0.87156  0.72021  1.77346 B   168 
 0.62478  0.82990  1.83039 V   168 
 1.10838  0.94473  1.88717 B   169 
 1.03449  1.30938  1.76251 E   169 
 1.03302  0.86044  2.20983 B   170 
 0.79162  0.96290  2.24380 D   170 
 0.96386  0.52806  2.17546 B   171 
 0.69919  0.51638  2.07891 B   172 
 0.56017  0.69661  2.17442 S   172 
 0.36660  0.42162  1.93983 B   173 
 0.46052  0.18189  1.86994 V   173 
 0.19369  0.45668  1.62706 B   174 
 0.02419  0.74971  1.60986 Q   174 
-0.12131  0.37470  1.54455 B   175 
-0.10776  0.10333  1.76472 L   175 
-0.27195  0.21561  1.23625 B   176 
-0.18324  0.36844  1.13314 A   176 
-0.58076  0.15180  1.13396 B   177 
-0.65365  0.05196  1.44837 D   177 
-0.68300 -0.08868  0.88334 B   178 
-0.34491  0.08829  0.74069 H   178 
-0.93403 -0.05279  0.62786 B   179 
-1.34384 -0.16465  0.64025 Y   179 
-1.01791 -0.28402  0.35699 B   180 
-0.66306 -0.32953  0.18151 Q   180 
-1.12030 -0.25692 -0.00138 B   181 
-1.47890 -0.17113  0.18509 Q   181 
-1.17901 -0.48259 -0.28398 B   182 
-0.84595 -0.44714 -0.23544 N   182 
-1.26225 -0.42443 -0.63617 B   183 
-1.51038 -0.37077 -0.54231 T   183 
-1.34671 -0.51896 -0.93533 B   184 
-1.36715 -0.72399 -0.87163 P   184 
-1.36488 -0.37895 -1.25136 B   185 
-1.16089 -0.14656 -1.25190 I   185 
-1.39501 -0.65732 -1.36549 B   186 
-1.26800 -0.94180 -1.37118 B   187 
-1.41269 -1.05656 -1.65580 D   187 
-1.23792 -1.19800 -1.15469 B   188 
-1.23837 -1.45716 -0.98039 B   189 
-1.11060 -1.38024 -0.82130 P   189 
-1.39488 -1.75206 -0.95676 B   190 
-1.35198 -1.92367 -1.15061 V   190 
-1.27564 -1.74871 -0.66637 B   191 
-1.32627 -2.08563 -0.67475 L   191 
-1.26450 -1.66203 -0.36083 B   192 
-1.47012 -1.37524 -0.36943 L   192 
-1.07323 -1.62753 -0.10378 B   193 
-0.96388 -1.45687 -0.20034 P   193 
-0.92943 -1.74648  0.15165 B   194 
-1.04523 -2.07702  0.10911 D   194 
-0.80227 -1.71681  0.43607 B   195 
-1.05925 -1.59952  0.62779 N   195 
-0.53140 -1.47376  0.46687 B   196 
-0.48919 -1.48889  0.13397 H   196 
-0.18744 -1.34317  0.42977 B   197 
-0.00442 -1.48354  0.74386 Y   197 
 0.04289 -1.07130  0.44371 B   198 
-0.07562 -0.99446  0.12781 L   198 
 0.39262 -1.02808  0.42912 B   199 
 0.51292 -1.17592  0.59789 S   199 
 0.57304 -0.73798  0.54525 B   200 
 0.37644 -0.61107  0.47323 T   200 
 0.85918 -0.54291  0.41191 B   201 
 0.94292 -0.89798  0.50989 Q   201 
 1.04772 -0.23814  0.48244 B   202 
 0.79572 -0.17134  0.39142 S   202 
 1.26520  0.01641  0.31432 B   203 
 1.47410 -0.13236  0.36733 V   203 
 1.39700  0.32611  0.40242 B   204 
 1.06853  0.39709  0.46795 L   204 
 1.52759  0.60056  0.19778 B   205 
 1.67329  0.42835  0.09518 S   205 
 1.78206  0.80960  0.04085 B   206 
 1.51779  1.05980  0.28542 K   206 
 1.86687  1.04947 -0.20206 B   207 
 1.85093  1.00173 -0.50390 D   207 
 2.16137  1.22130 -0.22472 B   208 
 2.24689  0.99086 -0.21843 P   208 
 2.05673  1.36939 -0.52038 B   209 
 2.33171  1.22955 -0.61244 N   209 
 1.78784  1.47525 -0.36120 B   210 
 1.52872  1.40676 -0.56598 E   210 
 1.61729  1.78250 -0.29311 B   211 
 1.74105  1.91350 -0.39523 K   211 
 1.35737  1.66666 -0.27145 B   212 
 1.23998  1.64539 -0.74696 R   212 
 1.09288  1.54392 -0.13806 B   213 
 0.97598  1.60509  0.16438 D   213 
 1.14941  1.19614 -0.03160 B   214 
 1.43792  1.18871 -0.16617 H   214 
 1.12423  0.82638 -0.12188 B   215 
 0.87663  0.67756  0.13599 M   215 
 1.28587  0.52739 -0.06759 B   216 
 1.49928  0.55430 -0.22899 V   216 
 1.16873  0.19396 -0.17161 B   217 
 0.89327  0.17604 -0.00076 L   217 
 1.16545 -0.13346 -0.01658 B   218 
 1.42248 -0.30416 -0.09912 L   218 
 0.98200 -0.43961 -0.09587 B   219 
 0.62125 -0.28313  0.03428 E   219 
 0.84348 -0.73500  0.08633 B   220 
 1.24465 -0.81998 -0.04881 F   220 
 0.60077 -0.98406 -0.03525 B   221 
 0.42659 -0.78975  0.01432 V   221 
 0.39309 -1.23508  0.11696 B   222 
 0.61196 -1.36100  0.15199 T   222 
 0.20724 -1.53183  0.13030 B   223 
 0.03668 -1.46791  0.00320 A   223 
-0.01722 -1.68029  0.38188 B   224 
 0.19353 -1.71839  0.47262 A   224 
-0.22469 -1.93566  0.58150 B   225 
-0.19351 -2.18172  0.38522 B   226 
-0.45438 -2.10880  0.22686 I   226 
-0.16439 -2.51458  0.35568 B   227 
-0.16152 -2.58948  0.59747 T   227 
-0.00260 -2.76406  0.22064 B   228 
 0.20152 -2.82563 -0.08304 H   228 
-0.10120 -3.07231  0.11633 B   229 
