439 
 1.52704 -1.33131  0.85068 B   1 
 1.39790 -1.13664  0.92140 S   1 
 1.24694 -1.45032  0.73779 B   2 
 1.02418 -1.80805  0.76448 K   2 
 1.28338 -1.38769  0.38566 B   3 
 1.51322 -1.17026  0.35335 B   4 
 1.66569 -0.94843  0.63155 E   4 
 1.69201 -1.30944  0.12759 B   5 
 1.82735 -1.46631  0.42909 E   5 
 1.48053 -1.23474 -0.10835 B   6 
 1.28834 -1.50518 -0.07227 L   6 
 1.56298 -0.89787 -0.07422 B   7 
 1.16179 -0.92261 -0.00293 F   7 
 1.82078 -0.87375 -0.19847 B   8 
 1.96520 -1.04816 -0.09157 T   8 
 1.85904 -0.60258 -0.33376 B   9 
 1.69745 -0.58312 -0.64159 B   10 
 1.72844 -0.33311 -0.72495 V   10 
 1.33694 -0.59489 -0.69345 B   11 
 1.30905 -0.80235 -0.53058 V   11 
 1.09262 -0.67157 -0.88758 B   12 
 1.26034 -0.75615 -1.03659 P   12 
 0.77782 -0.49812 -0.97640 B   13 
 0.78437 -0.38931 -0.68315 I   13 
 0.42286 -0.59005 -0.97642 B   14 
 0.35786 -0.71290 -1.26341 L   14 
 0.10997 -0.41767 -1.05710 B   15 
 0.13264 -0.29002 -0.82224 V   15 
-0.24541 -0.50870 -1.01491 B   16 
-0.15510 -0.72049 -1.36756 E   16 
-0.56041 -0.33365 -1.08707 B   17 
-0.61894 -0.13552 -0.85074 L   17 
-0.90350 -0.37258 -1.00960 B   18 
-0.86903 -0.58647 -1.27890 D   18 
-1.19316 -0.15409 -1.05063 B   19 
-1.49352 -0.01525 -0.86615 B   20 
-1.73983 -0.11527 -1.01012 D   20 
-1.65258  0.30734 -0.86829 B   21 
-1.45832  0.40620 -0.72129 V   21 
-1.96777  0.36558 -0.87467 B   22 
-1.98685  0.56837 -0.62556 N   22 
-1.93987  0.18737 -1.16303 B   23 
-1.63800  0.25083 -1.22335 B   24 
-1.78220  0.61652 -1.22256 H   24 
-1.42915  0.10440 -1.44194 B   25 
-1.68372 -0.28786 -1.49449 K   25 
-1.08263 -0.00984 -1.37270 B   26 
-1.03721  0.21918 -1.12598 F   26 
-0.72011 -0.00349 -1.45064 B   27 
-0.81120 -0.26076 -1.52067 S   27 
-0.39248 -0.09467 -1.30669 B   28 
-0.38868  0.14037 -1.17707 V   28 
-0.03849 -0.05725 -1.39114 B   29 
 0.14855 -0.43530 -1.64795 R   29 
 0.27490 -0.16652 -1.24027 B   30 
 0.63174 -0.07036 -1.23402 B   31 
 0.59515 -0.29279 -1.59138 E   31 
 0.94706 -0.18364 -1.07147 B   32 
 1.14322 -0.13645 -0.76169 B   33 
 1.46978 -0.10331 -0.96797 E   33 
 1.31384 -0.29290 -0.47292 B   34 
 1.48960 -0.18319 -0.15378 B   35 
 1.76942 -0.11476 -0.19175 D   35 
 1.47612 -0.31778  0.15047 B   36 
 1.37241 -0.49907  0.12357 A   36 
 1.74229 -0.23613  0.29027 B   37 
 1.93057 -0.40198  0.21797 T   37 
 1.64020  0.08293  0.22540 B   38 
 1.93996  0.11213  0.11119 N   38 
 1.32454  0.12184  0.19349 B   39 
 1.29201  0.12964 -0.13564 B   40 
 1.53594  0.42342 -0.34507 K   40 
 1.06512  0.27130 -0.39112 B   41 
 0.86906  0.01689 -0.25013 L   41 
 0.99107  0.22560 -0.75369 B   42 
 1.21358  0.32793 -0.78122 T   42 
 0.70851  0.35391 -0.95059 B   43 
 0.61866  0.04615 -0.79547 L   43 
 0.48337  0.29455 -1.23383 B   44 
 0.55875  0.52145 -1.60057 K   44 
 0.15906  0.41315 -1.32042 B   45 
 0.16635  0.23769 -0.93153 F   45 
-0.12664  0.29829 -1.51971 B   46 
 0.04300  0.27175 -1.74686 I   46 
-0.41383  0.35969 -1.69838 B   47 
-0.66693  0.43259 -1.58444 C   47 
-0.56923  0.10266 -1.90464 B   48 
-0.44471 -0.07801 -1.80749 T   48 
-0.88274  0.25731 -1.93627 B   49 
-0.95048  0.10096 -1.76471 T   49 
-0.78075  0.56078 -1.90765 B   50 
-0.94946  0.73979 -1.69563 B   51 
-0.98796  0.93930 -1.76422 K   51 
-0.93523  0.80989 -1.37396 B   52 
-0.72156  0.64705 -1.17466 L   52 
-1.21470  0.81812 -1.14267 B   53 
-1.23165  0.60069 -1.23336 P   53 
-0.98294  0.87933 -0.93793 B   54 
-1.09232  0.70100 -0.77983 V   54 
-0.75295  0.97908 -0.73256 B   55 
-0.90137  1.15217 -0.66131 P   55 
-0.43669  0.87433 -0.70587 B   56 
-0.30162  0.75917 -1.11314 W   56 
-0.39175  0.90390 -0.39163 B   57 
-0.36055  1.14413 -0.48832 P   57 
-0.62565  0.68821 -0.31387 B   58 
-0.82452  0.80912 -0.39302 T   58 
-0.41877  0.43374 -0.42715 B   59 
-0.62655  0.40674 -0.67840 L   59 
-0.14415  0.40687 -0.28199 B   60 
-0.02512  0.63865 -0.27017 V   60 
-0.19950  0.19230 -0.04748 B   61 
-0.31177  0.34419  0.12252 T   61 
-0.28930 -0.03679 -0.24574 B   62 
-0.55147 -0.00690 -0.26973 T   62 
-0.03967 -0.05509 -0.43967 B   63 
-0.16362  0.13339 -0.69481 L   63 
 0.23501  0.13054 -0.28258 B   64 
 0.09637 -0.03197  0.04340 Z   64 
 0.11401 -0.36288 -0.09547 B   64 
 0.12991  0.41853  0.30769 Y   64 
 0.47099 -0.35162 -0.02920 B   65 
 0.47623 -0.38288 -0.26847 V   65 
 0.56657 -0.40399  0.28912 B   66 
 0.22339 -0.25607  0.45209 Q   66 
 0.81809 -0.59805  0.22614 B   67 
 0.69157 -0.74209  0.03114 C   67 
 1.00811 -0.32067  0.17958 B   68 
 0.98629 -0.45494 -0.20830 F   68 
 1.08093 -0.27827  0.45762 B   69 
 0.82760 -0.20520  0.54550 S   69 
 1.29050 -0.13221  0.70765 B   70 
 1.74647  0.08962  0.69943 R   70 
 1.42987 -0.32759  0.94230 B   71 
 0.97197 -0.48637  0.99281 Y   71 
 1.57312 -0.33985  1.21940 B   72 
 1.46239 -0.12977  1.27654 P   72 
 1.79236 -0.55099  1.35840 B   73 
 2.02767 -0.38691  1.43882 D   73 
 1.59868 -0.57182  1.63808 B   74 
 1.59836 -0.27002  1.74924 H   74 
 1.31782 -0.64173  1.43099 B   75 
 1.15782 -0.29833  1.51427 M   75 
 1.31672 -0.86883  1.21273 B   76 
 1.63621 -0.72464  1.00611 K   76 
 1.10842 -1.09204  1.33149 B   77 
 1.03332 -1.18914  1.73364 R   77 
 0.85850 -0.86999  1.29040 B   78 
 0.93495 -0.81281  1.67105 H   78 
 0.85560 -0.95037  0.97780 B   79 
 0.97832 -0.79565  0.76217 D   79 
 0.58802 -1.07363  0.82151 B   80 
 0.25256 -1.16355  0.82959 F   80 
 0.60916 -1.01551  0.51701 B   81 
 0.42394 -0.64746  0.62489 F   81 
 0.87454 -1.18491  0.46453 B   82 
 1.13609 -0.83020  0.43146 K   82 
 0.79062 -1.44882  0.62305 B   83 
 0.85656 -1.36192  0.86810 S   83 
 0.56653 -1.51916  0.38031 B   84 
 0.40930 -1.42126  0.45502 A   84 
 0.79247 -1.59121  0.19917 B   85 
 0.67935 -1.26775  0.01637 M   85 
 0.70139 -1.66815 -0.12735 B   86 
 0.89167 -1.80865 -0.12744 P   86 
 0.39127 -1.72956 -0.10710 B   87 
 0.40429 -2.09709  0.09867 E   87 
 0.26604 -1.51121  0.08193 B   88 
-0.01313 -1.26797  0.10133 B   89 
 0.20231 -0.96952  0.23900 Y   89 
-0.30424 -1.14316  0.23620 B   90 
-0.50109 -1.29454  0.13530 V   90 
-0.46069 -0.81997  0.16161 B   91 
-0.18247 -0.54506  0.22749 Q   91 
-0.69467 -0.64036  0.36208 B   92 
-0.90696 -0.99729  0.33756 E   92 
-0.93976 -0.36458  0.31099 B   93 
-0.44475 -0.14478  0.32462 R   93 
-1.07798 -0.07649  0.47349 B   94 
-1.31670 -0.19105  0.52562 T   94 
-1.17008  0.23935  0.33554 B   95 
-0.88888  0.26140  0.21539 I   95 
-1.26070  0.53933  0.51065 B   96 
-1.41481  0.36732  0.64225 S   96 
-1.40583  0.81976  0.39824 B   97 
-1.13920  0.75499  0.07108 F   97 
-1.47137  1.10036  0.53282 B   98 
-1.39722  1.30197  0.91894 K   98 
-1.78563  1.17736  0.43915 B   99 
-1.92332  1.40474  0.52738 D   99 
-1.77358  0.91540  0.24920 B   100 
-1.67950  1.09397 -0.03482 D   100 
-1.65780  0.66114  0.10080 B   101 
-1.56326  0.31087  0.01826 B   102 
-1.61952  0.24759  0.27800 T   102 
-1.29917  0.07408  0.03425 B   103 
-1.11250  0.38863 -0.29200 Y   103 
-1.24957 -0.25311 -0.09858 B   104 
-1.45278 -0.56270  0.10183 K   104 
-0.97373 -0.48345 -0.04183 B   105 
-0.83528 -0.28131 -0.09377 T   105 
-0.78654 -0.73681 -0.23676 B   106 
-0.85208 -1.20300 -0.15747 R   106 
-0.46880 -0.90576 -0.19372 B   107 
-0.39132 -0.70933 -0.26642 A   107 
-0.17469 -1.04671 -0.35445 B   108 
-0.39986 -1.40892 -0.36796 E   108 
 0.14989 -1.12192 -0.21894 B   109 
 0.19344 -0.86844 -0.16477 V   109 
 0.41032 -1.24260 -0.43937 B   110 
 0.10715 -1.50829 -0.47537 K   110 
 0.60573 -1.46554 -0.59759 B   111 
 0.96266 -1.28476 -0.41990 F   111 
 0.70629 -1.45608 -0.95241 B   112 
 0.30776 -1.38791 -1.03858 E   112 
 0.96909 -1.56388 -0.93087 B   113 
 1.16344 -1.26171 -0.91671 B   114 
 1.41802 -1.43957 -1.01453 D   114 
 0.87820 -1.12996 -0.87501 B   115 
 0.86967 -0.99128 -1.10462 T   115 
 0.69797 -0.89036 -0.71019 B   116 
 0.69736 -0.86293 -0.41165 L   116 
 0.34605 -0.93078 -0.65099 B   117 
 0.31973 -1.00723 -0.91042 V   117 
 0.04320 -0.71271 -0.68933 B   118 
-0.00675 -0.54499 -0.44541 N   118 
-0.29051 -0.82960 -0.65670 B   119 
-0.09582 -1.07062 -1.06853 R   119 
-0.59813 -0.63507 -0.71925 B   120 
-0.44968 -0.44877 -0.54091 I   120 
-0.91699 -0.56005 -0.56037 B   121 
-0.92328 -0.91649 -0.67245 E   121 
-1.16049 -0.28958 -0.61008 B   122 
-1.02584 -0.02544 -0.51448 L   122 
-1.43151 -0.14658 -0.41268 B   123 
-1.81444 -0.34721 -0.51314 K   123 
-1.64127  0.13385 -0.46237 B   124 
-1.86621  0.30942 -0.23020 B   125 
-1.96703  0.04522 -0.16537 I   125 
-2.07034  0.58963 -0.16405 B   126 
-2.22745  0.35432 -0.02199 D   126 
-1.99266  0.82515 -0.33132 B   127 
-1.58950  0.67850 -0.27497 F   127 
-2.00490  1.16360 -0.36248 B   128 
-1.98917  1.37615 -0.00568 K   128 
-2.11933  1.41838 -0.52464 B   129 
-2.34186  1.47261 -0.85019 E   129 
-1.88042  1.66482 -0.51204 B   130 
-1.96288  1.92258 -0.56088 D   130 
-1.65516  1.54157 -0.38509 B   131 
-1.31995  1.48362 -0.32617 B   132 
-1.29099  1.66131 -0.04838 N   132 
-1.31291  1.23317 -0.51480 B   133 
-1.29440  1.04495 -0.29811 I   133 
-1.51815  1.25957 -0.76406 B   134 
-1.71021  0.99409 -0.72602 L   134 
-1.41983  1.57941 -0.77985 B   135 
-1.11690  1.61965 -0.77807 B   136 
-1.11111  1.32673 -1.03694 H   136 
-0.98107  1.77454 -0.48000 B   137 
-1.41087  1.91569 -0.46735 K   137 
-0.70564  1.64124 -0.47471 B   138 
-0.82822  1.40681 -0.25544 L   138 
-0.39118  1.65826 -0.42853 B   139 
-0.31935  2.03517 -0.24923 E   139 
-0.06559  1.59367 -0.58312 B   140 
 0.03450  1.33424 -0.89055 Y   140 
 0.00719  1.42899 -0.29509 B   141 
-0.00428  1.70262 -0.20141 N   141 
 0.19963  1.32286  0.01472 B   142 
 0.00610  0.95050  0.00120 F   142 
 0.20570  1.20712  0.32347 B   143 
 0.03687  1.49931  0.41615 N   143 
 0.31858  1.11369  0.62988 B   144 
 0.58332  1.16577  0.57031 S   144 
 0.30724  0.78917  0.79792 B   145 
-0.01526  0.93590  0.59187 H   145 
 0.15375  0.55129  1.03171 B   146 
 0.38748  0.71859  1.20718 N   146 
 0.16871  0.19510  1.08099 B   147 
 0.10922  0.12144  0.84025 V   147 
-0.02914 -0.00509  1.29012 B   148 
 0.01850  0.41248  1.49907 Y   148 
 0.08852 -0.30779  1.43844 B   149 
 0.22262 -0.39020  1.16693 I   149 
-0.07172 -0.63274  1.49831 B   150 
-0.21071 -0.55914  1.69790 T   150 
-0.16221 -0.92151  1.61686 B   151 
 0.00850 -1.04553  1.68416 A   151 
-0.34161 -1.22719  1.46895 B   152 
-0.59253 -1.13238  1.34162 D   152 
-0.39751 -1.52009  1.59529 B   153 
-0.36784 -1.50054  1.80827 K   153 
-0.64572 -1.64236  1.44672 B   154 
-0.81809 -1.54012  1.52701 Q   154 
-0.49302 -1.57606  1.14686 B   155 
-0.61702 -1.44076  1.07666 K   155 
-0.18752 -1.58787  1.16421 B   156 
-0.03880 -1.81794  1.17431 N   156 
-0.13071 -1.26323  1.17967 B   157 
-0.22613 -0.92829  1.08941 B   158 
 0.05129 -0.84369  1.05312 I   158 
-0.28715 -0.58955  1.18855 B   159 
-0.71710 -0.76317  1.31357 K   159 
-0.40362 -0.25815  1.07470 B   160 
-0.20339 -0.25411  0.97863 A   160 
-0.37772  0.09989  1.16068 B   161 
-0.63905 -0.06255  1.30452 N   161 
-0.48171  0.40733  0.98802 B   162 
-0.26025  0.26905  0.74370 F   162 
-0.44111  0.76278  0.88087 B   163 
-0.76969  0.82299  1.20164 K   163 
-0.51124  0.93212  0.60141 B   164 
-0.35015  0.76569  0.41525 I   164 
-0.38689  1.24764  0.46051 B   165 
-0.19726  1.32839  0.82024 R   165 
-0.56403  1.44986  0.23099 B   166 
-0.58978  1.08048  0.06242 H   166 
-0.50661  1.70300  0.03751 B   167 
-0.22598  1.81353  0.19770 N   167 
-0.69136  1.98608 -0.03114 B   168 
-0.94148  1.88216  0.02190 V   168 
-0.73845  2.25321 -0.24526 B   169 
-0.96746  2.15722 -0.54909 E   169 
-0.87058  2.43574  0.01188 B   170 
-1.10268  2.31719  0.05655 D   170 
-0.68302  2.32356  0.27396 B   171 
-0.79901  2.07777  0.34907 B   172 
-1.04431  2.08159  0.32183 S   172 
-0.88506  1.74559  0.49466 B   173 
-0.64038  1.72427  0.59886 V   173 
-0.88040  1.40307  0.38689 B   174 
-1.16918  1.31664  0.23190 Q   174 
-0.98826  1.12635  0.54355 B   175 
-0.89891  1.26641  0.85128 L   175 
-0.84551  0.77742  0.57401 B   176 
-0.84467  0.77678  0.36941 A   176 
-0.95274  0.49215  0.70447 B   177 
-1.06964  0.66814  0.96808 D   177 
-0.75187  0.20777  0.80385 B   178 
-0.59374  0.34248  0.45339 H   178 
-0.82138 -0.14243  0.75793 B   179 
-1.01019 -0.41330  1.02549 Y   179 
-0.60629 -0.42891  0.83229 B   180 
-0.27896 -0.33569  0.62504 Q   180 
-0.53263 -0.76082  0.67716 B   181 
-0.89322 -0.84320  0.86132 Q   181 
-0.30033 -1.03906  0.73059 B   182 
-0.13624 -0.78188  0.58404 N   182 
-0.23755 -1.35001  0.54697 B   183 
-0.46812 -1.43410  0.66109 T   183 
-0.09934 -1.64103  0.50491 B   184 
-0.00655 -1.63212  0.69938 P   184 
-0.06473 -1.87238  0.24979 B   185 
-0.08795 -1.71129 -0.01313 I   185 
 0.14668 -2.01229  0.41459 B   186 
 0.41328 -1.96955  0.57012 B   187 
 0.52069 -2.29132  0.57658 D   187 
 0.50469 -1.81962  0.85748 B   188 
 0.59722 -1.72152  1.13918 B   189 
 0.55820 -1.50961  1.10568 P   189 
 0.68072 -1.84226  1.43996 B   190 
 0.90296 -1.98119  1.45321 V   190 
 0.62726 -1.54660  1.53097 B   191 
 0.81808 -1.62781  1.80142 L   191 
 0.44557 -1.29940  1.61386 B   192 
 0.13453 -1.40363  1.48350 L   192 
 0.43134 -0.97807  1.63364 B   193 
 0.43066 -0.95816  1.41002 P   193 
 0.48781 -0.70793  1.78827 B   194 
 0.64854 -0.85630  2.06508 D   194 
 0.42479 -0.40832  1.85313 B   195 
 0.10497 -0.41682  1.97226 N   195 
 0.42286 -0.17893  1.56891 B   196 
 0.60328 -0.40307  1.39558 H   196 
 0.56907  0.03296  1.30347 B   197 
 0.63854  0.36990  1.48650 Y   197 
 0.53039  0.22696  1.00676 B   198 
 0.54327 -0.07735  0.84255 L   198 
 0.72719  0.44859  0.81561 B   199 
 0.82527  0.63485  0.95876 S   199 
 0.60121  0.68907  0.57793 B   200 
 0.42713  0.52319  0.53188 T   200 
 0.71110  0.79929  0.24105 B   201 
 0.95159  0.88286  0.52009 Q   201 
 0.60041  1.01269 -0.03394 B   202 
 0.43898  0.78906 -0.02041 S   202 
 0.64382  1.05963 -0.40308 B   203 
 0.84803  1.21651 -0.35547 V   203 
 0.48687  1.24996 -0.64842 B   204 
 0.20712  1.09460 -0.52666 L   204 
 0.47888  1.21556 -1.01312 B   205 
 0.72622  1.21176 -0.99833 S   205 
 0.57012  1.28924 -1.35856 B   206 
 0.13652  1.33222 -1.30953 K   206 
 0.57254  1.19209 -1.69663 B   207 
 0.72435  0.94940 -1.80479 D   207 
 0.65480  1.38783 -1.96437 B   208 
 0.85519  1.41934 -1.82541 P   208 
 0.62131  1.11660 -2.17793 B   209 
 0.92384  1.20872 -2.23813 N   209 
 0.31557  1.07453 -2.06131 B   210 
 0.28682  0.74408 -2.00009 E   210 
-0.02007  1.05315 -2.18388 B   211 
 0.01643  1.07329 -2.38678 K   211 
-0.11665  0.88610 -1.97361 B   212 
 0.02980  0.45056 -2.14451 R   212 
-0.25999  0.79901 -1.70033 B   213 
-0.50379  0.95754 -1.54441 D   213 
-0.04490  0.87218 -1.41073 B   214 
 0.19851  0.95774 -1.59737 H   214 
 0.21862  0.74198 -1.16761 B   215 
 0.04884  0.75598 -0.81986 M   215 
 0.49031  0.85039 -0.98622 B   216 
 0.67611  0.87132 -1.17950 V   216 
 0.67872  0.65468 -0.73739 B   217 
 0.44421  0.60165 -0.51925 L   217 
 0.82217  0.72796 -0.41289 B   218 
 1.12941  0.81171 -0.43742 L   218 
 0.94071  0.51113 -0.14344 B   219 
 0.55727  0.39393 -0.03953 E   219 
 0.96708  0.52094  0.22918 B   220 
 1.33151  0.66957  0.05165 F   220 
 1.02983  0.24102  0.46033 B   221 
 0.77331  0.18929  0.41479 V   221 
 0.99715  0.18895  0.81463 B   222 
 1.20053  0.34168  0.83181 T   222 
 1.06796  0.04120  1.12436 B   223 
 0.97492 -0.15694  1.08674 A   223 
 0.91514  0.06556  1.45867 B   224 
 1.03228  0.26575  1.44135 A   224 
 0.86487  0.04863  1.83985 B   225 
 1.12919 -0.10902  1.91279 B   226 
 0.98742 -0.38815  1.89191 I   226 
 1.37638 -0.15380  2.13509 B   227 
 1.32207  0.02006  2.31088 T   227 
 1.69801 -0.18111  2.18464 B   228 
 1.99711 -0.28395  1.99063 H   228 
 1.88178 -0.36185  2.40641 B   229 
