439 
-1.04636  1.81720 -0.65636 B   1 
-1.09232  1.57792 -0.64191 S   1 
-0.93022  1.79215 -0.35430 B   2 
-0.97748  1.98661  0.01753 K   2 
-0.57625  1.79315 -0.41718 B   3 
-0.53645  1.72361 -0.72495 B   4 
-0.80102  1.57935 -0.96794 E   4 
-0.33387  1.95601 -0.81016 B   5 
-0.65500  2.12692 -0.84888 E   5 
-0.08141  1.81114 -0.66440 B   6 
-0.13172  1.94466 -0.36271 L   6 
-0.08917  1.55849 -0.90430 B   7 
-0.14134  1.37277 -0.54453 F   7 
 0.02309  1.67894 -1.13959 B   8 
-0.10656  1.88981 -1.17741 T   8 
 0.18019  1.47859 -1.30837 B   9 
 0.49654  1.41363 -1.17817 B   10 
 0.60045  1.22246 -1.33006 V   10 
 0.56590  1.24985 -0.86012 B   11 
 0.38661  1.39761 -0.73219 V   11 
 0.76481  1.21464 -0.61020 B   12 
 0.89657  1.38648 -0.71313 P   12 
 0.88530  0.91796 -0.42438 B   13 
 0.60316  0.79686 -0.48446 I   13 
 0.89556  0.82055 -0.07103 B   14 
 1.17325  0.92401  0.04671 L   14 
 1.00776  0.52488  0.11368 B   15 
 0.78455  0.40168  0.03021 V   15 
 0.97614  0.42208  0.46695 B   16 
 1.30297  0.68625  0.49469 E   16 
 1.08022  0.12218  0.65215 B   17 
 0.86618 -0.10226  0.60373 L   17 
 1.01759 -0.02306  0.96871 B   18 
 1.26425  0.20643  1.04585 D   18 
 1.09332 -0.35103  1.11024 B   19 
 0.93811 -0.63929  1.30089 B   20 
 1.08512 -0.66063  1.56419 D   20 
 0.97775 -0.99599  1.27725 B   21 
 0.83035 -0.99986  1.05960 V   21 
 1.00586 -1.20228  1.52105 B   22 
 0.77746 -1.41244  1.43614 N   22 
 1.27505 -1.00479  1.58603 B   23 
 1.32500 -0.90297  1.29290 B   24 
 1.36485 -1.28970  1.23484 H   24 
 1.51821 -0.65012  1.18529 B   25 
 1.54829 -0.43346  1.60194 K   25 
 1.42090 -0.38660  0.94238 B   26 
 1.19388 -0.58702  0.78849 F   26 
 1.48003 -0.20359  0.62529 B   27 
 1.53116 -0.02003  0.83285 S   27 
 1.31148  0.02287  0.38720 B   28 
 1.20365 -0.19120  0.26635 V   28 
 1.38035  0.17557  0.06196 B   29 
 1.59176  0.62102  0.08909 R   29 
 1.20403  0.40979 -0.15475 B   30 
 1.18786  0.50384 -0.51184 B   31 
 1.52505  0.71454 -0.36891 E   31 
 0.99946  0.74126 -0.72822 B   32 
 0.68539  0.76582 -0.92168 B   33 
 0.87647  0.92130 -1.22103 E   33 
 0.37512  0.95525 -0.99117 B   34 
 0.05847  0.91484 -1.19823 B   35 
 0.08780  0.99908 -1.47476 D   35 
-0.25559  0.99224 -1.11924 B   36 
-0.23982  1.09958 -0.93875 A   36 
-0.40115  1.03971 -1.39056 B   37 
-0.35410  1.28376 -1.47064 T   37 
-0.30242  0.72094 -1.46175 B   38 
-0.20186  0.85686 -1.73592 N   38 
-0.25065  0.53375 -1.20788 B   39 
 0.07908  0.54525 -1.18362 B   40 
 0.30120  0.43549 -1.54179 K   40 
 0.35784  0.33709 -1.05801 B   41 
 0.20485  0.44391 -0.76098 L   41 
 0.71816  0.37751 -0.97103 B   42 
 0.74316  0.40296 -1.21489 T   42 
 0.94037  0.14704 -0.79053 B   43 
 0.76294  0.35116 -0.55880 L   43 
 1.22846  0.11577 -0.56589 B   44 
 1.60978 -0.00381 -0.74466 K   44 
 1.34227 -0.13865 -0.34440 B   45 
 0.93925 -0.02458 -0.26294 F   45 
 1.54500 -0.16103 -0.03955 B   46 
 1.75964 -0.03004 -0.17317 I   46 
 1.74327 -0.33809  0.17842 B   47 
 1.64979 -0.53869  0.36112 C   47 
 1.93326 -0.17249  0.44155 B   48 
 1.81378  0.03489  0.42409 T   48 
 1.99510 -0.45832  0.63566 B   49 
 1.81388 -0.37531  0.77253 T   49 
 1.98878 -0.67191  0.39555 B   50 
 1.80294 -0.93216  0.45211 B   51 
 1.89123 -1.11596  0.38565 K   51 
 1.48863 -1.01908  0.40472 B   52 
 1.26452 -0.79338  0.30115 L   52 
 1.27397 -1.18936  0.64260 B   53 
 1.34537 -1.00107  0.76604 P   53 
 1.06377 -1.14818  0.41131 B   54 
 0.89611 -1.06555  0.59522 V   54 
 0.85653 -1.14114  0.16226 B   55 
 0.80910 -1.37148  0.20420 P   55 
 0.80397 -0.89640 -0.05920 B   56 
 1.19152 -0.68747 -0.11856 W   56 
 0.49178 -0.93236 -0.11291 B   57 
 0.60805 -1.11361 -0.26008 P   57 
 0.40715 -0.87110  0.19752 B   58 
 0.50721 -1.06587  0.30925 T   58 
 0.48597 -0.53719  0.14567 B   59 
 0.74426 -0.59104  0.33909 L   59 
 0.32481 -0.39262 -0.07869 B   60 
 0.32781 -0.53425 -0.29770 V   60 
 0.07506 -0.25988  0.07656 B   61 
-0.07439 -0.46431  0.09781 T   61 
 0.25619 -0.08654  0.26891 B   62 
 0.29646 -0.24020  0.48098 T   62 
 0.43435  0.07367  0.06190 B   63 
 0.71164 -0.12364  0.07495 L   63 
 0.28056  0.03402 -0.26880 B   64 
-0.05109  0.07093 -0.06746 Z   64 
 0.05614  0.37919  0.08279 B   64 
-0.27492 -0.32796 -0.32183 Y   64 
-0.02741  0.54015 -0.23195 B   65 
 0.20745  0.59469 -0.22085 V   65 
-0.35372  0.59952 -0.28853 B   66 
-0.48447  0.28439 -0.06535 Q   66 
-0.32180  0.89835 -0.40925 B   67 
-0.13430  0.97983 -0.22765 C   67 
-0.26033  0.75887 -0.71254 B   68 
 0.11441  0.90419 -0.62648 F   68 
-0.53682  0.72952 -0.79680 B   69 
-0.60436  0.53138 -0.61399 S   69 
-0.78321  0.68186 -1.05133 B   70 
-0.77881  0.71850 -1.55711 R   70 
-1.04155  0.89491 -1.07428 B   71 
-1.08222  0.79858 -0.59835 Y   71 
-1.32574  0.94777 -1.19219 B   72 
-1.35776  0.70580 -1.20139 P   72 
-1.49455  1.22412 -1.27642 B   73 
-1.57198  1.19147 -1.56225 D   73 
-1.76445  1.11648 -1.09829 B   74 
-1.84767  0.84480 -1.24897 H   74 
-1.55014  1.05862 -0.82012 B   75 
-1.59352  0.67460 -0.85334 M   75 
-1.35357  1.27646 -0.70557 B   76 
-1.15174  1.33282 -1.05435 K   76 
-1.48099  1.35265 -0.41356 B   77 
-1.88580  1.35687 -0.29996 R   77 
-1.40696  1.04139 -0.30822 B   78 
-1.78435  0.99039 -0.40302 H   78 
-1.10320  1.14185 -0.26550 B   79 
-0.88117  1.09219 -0.44915 D   79 
-0.94493  1.13122  0.02786 B   80 
-0.94356  1.04094  0.36331 F   80 
-0.63794  1.12352 -0.01953 B   81 
-0.70223  0.70315 -0.04323 F   81 
-0.61496  1.40689 -0.16459 B   82 
-0.56364  1.23499 -0.56850 K   82 
-0.79210  1.57585  0.04009 B   83 
-1.03139  1.50821 -0.06048 S   83 
-0.54534  1.55033  0.26931 B   84 
-0.60257  1.38000  0.35649 A   84 
-0.38354  1.74370  0.10970 B   85 
-0.16654  1.42798  0.04586 M   85 
-0.06100  1.79878  0.22706 B   86 
-0.08358  2.01444  0.13257 P   86 
-0.07048  1.69528  0.52631 B   87 
-0.30907  1.99675  0.69888 E   87 
-0.23217  1.42519  0.52552 B   88 
-0.21485  1.07481  0.64560 B   89 
-0.33602  0.91058  0.30976 Y   89 
-0.32246  0.80842  0.83525 B   90 
-0.22552  0.85141  1.08143 V   90 
-0.21085  0.46007  0.80906 B   91 
-0.26604  0.35484  0.43064 Q   91 
-0.38173  0.16805  0.92183 B   92 
-0.37855  0.37238  1.28419 E   92 
-0.29314 -0.18603  0.99611 B   93 
-0.31269 -0.13049  0.45754 R   93 
-0.42146 -0.51987  0.97170 B   94 
-0.47119 -0.54541  1.23571 T   94 
-0.25086 -0.82325  0.89347 B   95 
-0.14407 -0.68980  0.63894 I   95 
-0.39312 -1.14497  0.82189 B   96 
-0.53151 -1.08726  1.04138 S   96 
-0.24836 -1.44691  0.80729 B   97 
 0.05721 -1.22430  0.60881 F   97 
-0.35338 -1.73523  0.72368 B   98 
-0.72301 -1.91232  0.55864 K   98 
-0.23682 -1.94808  0.95730 B   99 
-0.29678 -2.22161  0.96279 D   99 
-0.07225 -1.69664  1.07789 B   100 
 0.22146 -1.77393  0.90710 D   100 
 0.04627 -1.40457  1.10481 B   101 
 0.09171 -1.04727  1.19815 B   102 
-0.16939 -1.04791  1.27853 T   102 
 0.04057 -0.71365  1.08792 B   103 
 0.38374 -0.85757  0.76894 Y   103 
 0.14046 -0.39333  1.20862 B   104 
-0.07623 -0.24875  1.53944 K   104 
 0.04876 -0.06368  1.08499 B   105 
 0.11147 -0.16346  0.86399 T   105 
 0.20990  0.26800  1.04962 B   106 
 0.09228  0.62858  1.33956 R   106 
 0.13519  0.56705  0.85899 B   107 
 0.22122  0.44404  0.69365 A   107 
 0.26691  0.85154  0.67482 B   108 
 0.25933  1.05287  1.05097 E   108 
 0.10836  1.06361  0.43139 B   109 
 0.07515  0.86132  0.26688 V   109 
 0.30304  1.32013  0.26623 B   110 
 0.33065  1.40188  0.66165 K   110 
 0.43000  1.62587  0.20854 B   111 
 0.25098  1.62916 -0.19095 F   111 
 0.77847  1.70483  0.11673 B   112 
 0.89119  1.45688  0.42773 E   112 
 0.73356  1.92614 -0.05691 B   113 
 0.73666  1.76113 -0.37634 B   114 
 0.80453  2.05116 -0.50782 D   114 
 0.72203  1.50141 -0.19525 B   115 
 0.96338  1.40174 -0.25723 T   115 
 0.58923  1.18819 -0.15903 B   116 
 0.29483  1.13306 -0.17223 L   116 
 0.54509  1.04175  0.16592 B   117 
 0.79755  1.12161  0.22695 V   117 
 0.61879  0.70731  0.31908 B   118 
 0.39400  0.51253  0.27844 N   118 
 0.59321  0.63855  0.66651 B   119 
 0.97079  0.98600  0.61849 R   119 
 0.68911  0.32454  0.83559 B   120 
 0.52084  0.21931  0.61385 I   120 
 0.55455  0.08471  1.07416 B   121 
 0.63409  0.40025  1.25790 E   121 
 0.64121 -0.26415  1.14973 B   122 
 0.56299 -0.43463  0.90101 L   122 
 0.47200 -0.54274  1.31288 B   123 
 0.57378 -0.54996  1.74482 K   123 
 0.55777 -0.88340  1.35424 B   124 
 0.35452 -1.17075  1.46121 B   125 
 0.27141 -1.00016  1.68066 I   125 
 0.32477 -1.52052  1.49781 B   126 
 0.17040 -1.41088  1.75155 D   126 
 0.50838 -1.66722  1.31274 B   127 
 0.41799 -1.34627  1.03698 F   127 
 0.57064 -1.96152  1.15405 B   128 
 0.23421 -2.17402  1.03410 K   128 
 0.76095 -2.22090  1.12569 B   129 
 1.10126 -2.34427  1.29125 E   129 
 0.75823 -2.31559  0.79554 B   130 
 0.83445 -2.57348  0.73802 D   130 
 0.60905 -2.11067  0.66215 B   131 
 0.52768 -1.90017  0.40086 B   132 
 0.26598 -2.06783  0.28691 N   132 
 0.69224 -1.66127  0.52004 B   133 
 0.45874 -1.51262  0.59816 I   133 
 0.95325 -1.76005  0.68456 B   134 
 0.90143 -1.63095  0.98365 L   134 
 0.99277 -1.98493  0.43943 B   135 
 0.97880 -1.86908  0.15700 B   136 
 1.20944 -1.58688  0.29850 H   136 
 0.68927 -1.96604 -0.03810 B   137 
 0.71195 -2.30273  0.26348 K   137 
 0.65755 -1.71479 -0.20992 B   138 
 0.42467 -1.59680  0.01349 L   138 
 0.59673 -1.57785 -0.49072 B   139 
 0.44876 -1.88544 -0.74145 E   139 
 0.72760 -1.34410 -0.74035 B   140 
 1.00463 -1.03876 -0.69726 Y   140 
 0.42243 -1.19618 -0.72100 B   141 
 0.35463 -1.44732 -0.84793 N   141 
 0.09465 -1.04144 -0.83455 B   142 
 0.08452 -0.81563 -0.48072 F   142 
-0.22320 -0.97102 -0.78191 B   143 
-0.28010 -1.31632 -0.78187 N   143 
-0.54229 -0.86643 -0.83292 B   144 
-0.49217 -0.77337 -1.08821 S   144 
-0.73819 -0.61017 -0.66078 B   145 
-0.50313 -0.87542 -0.45492 H   145 
-0.98420 -0.50611 -0.40888 B   146 
-1.15579 -0.55226 -0.69495 N   146 
-1.06623 -0.19708 -0.24367 B   147 
-0.83036 -0.13807 -0.15531 V   147 
-1.28199 -0.14496  0.02778 B   148 
-1.45449 -0.50271 -0.22233 Y   148 
-1.46304  0.15875  0.07731 B   149 
-1.20749  0.32480  0.00241 I   149 
-1.54362  0.35261  0.37860 B   150 
-1.72818  0.19922  0.46214 T   150 
-1.68293  0.54388  0.60140 B   151 
-1.77001  0.72857  0.51561 A   151 
-1.55411  0.73335  0.90964 B   152 
-1.40578  0.54018  1.07949 D   152 
-1.70335  0.94457  1.10456 B   153 
-1.91494  0.92023  1.06908 K   153 
-1.55368  0.94192  1.38064 B   154 
-1.61526  0.75973  1.47876 Q   154 
-1.25745  0.99212  1.21525 B   155 
-1.16890  0.82126  1.25495 K   155 
-1.29174  1.15245  0.95662 B   156 
-1.33039  1.42351  0.94293 N   156 
-1.28071  0.89953  0.74505 B   157 
-1.15564  0.57306  0.66014 B   158 
-1.12639  0.64200  0.37760 I   158 
-1.22038  0.24063  0.54354 B   159 
-1.33796  0.16320  1.00268 K   159 
-1.07108 -0.09081  0.47863 B   160 
-0.98563  0.01536  0.30323 A   160 
-1.12553 -0.39524  0.27712 B   161 
-1.26962 -0.40038  0.58465 N   161 
-0.92056 -0.69368  0.21338 B   162 
-0.70167 -0.43890  0.09078 F   162 
-0.78395 -0.96838  0.00043 B   163 
-1.08032 -1.21722  0.25484 K   163 
-0.48702 -1.11990 -0.02355 B   164 
-0.32536 -0.87698 -0.07979 I   164 
-0.32484 -1.31502 -0.28905 B   165 
-0.68520 -1.32784 -0.49364 R   165 
-0.06901 -1.55330 -0.23681 B   166 
 0.06655 -1.23039 -0.02975 H   166 
 0.14332 -1.72251 -0.41315 B   167 
-0.02066 -1.69484 -0.71144 N   167 
 0.24687 -2.05102 -0.39477 B   168 
 0.19779 -2.09149 -0.12620 V   168 
 0.48646 -2.28211 -0.48761 B   169 
 0.79191 -2.28161 -0.24130 E   169 
 0.25416 -2.53190 -0.46450 B   170 
 0.21114 -2.54994 -0.20421 D   170 
-0.02645 -2.36939 -0.57079 B   171 
-0.11733 -2.22327 -0.34741 B   172 
-0.07707 -2.34574 -0.13691 S   172 
-0.28768 -1.99523 -0.10675 B   173 
-0.40604 -1.86605 -0.30795 V   173 
-0.21175 -1.68668  0.06054 B   174 
-0.05033 -1.73970  0.35384 Q   174 
-0.38696 -1.51841  0.29235 B   175 
-0.68500 -1.62675  0.14493 L   175 
-0.45629 -1.15009  0.34328 B   176 
-0.25292 -1.12774  0.34288 A   176 
-0.60626 -0.97140  0.57882 B   177 
-0.84637 -1.20867  0.59202 D   177 
-0.74132 -0.63697  0.54714 B   178 
-0.38886 -0.63768  0.34283 H   178 
-0.72372 -0.36517  0.78249 B   179 
-1.00446 -0.25380  1.08147 Y   179 
-0.83485 -0.01923  0.73954 B   180 
-0.63741  0.08499  0.40947 Q   180 
-0.71446  0.31945  0.84177 B   181 
-0.88621  0.19178  1.19522 Q   181 
-0.80493  0.66904  0.77979 B   182 
-0.64448  0.54451  0.50907 N   182 
-0.65374  0.98724  0.88097 B   183 
-0.76279  0.93303  1.12268 T   183 
-0.64547  1.31102  0.90686 B   184 
-0.84293  1.32917  0.82205 P   184 
-0.41450  1.55413  0.99260 B   185 
-0.13723  1.43133  0.93214 I   185 
-0.60211  1.76255  0.87952 B   186 
-0.76687  1.84211  0.62730 B   187 
-0.80803  2.17197  0.69523 D   187 
-1.04386  1.72843  0.47315 B   188 
-1.31998  1.66054  0.34396 B   189 
-1.26544  1.46213  0.27175 P   189 
-1.63441  1.77461  0.33205 B   190 
-1.67177  2.00342  0.20910 V   190 
-1.69536  1.48389  0.23045 B   191 
-1.98166  1.62048  0.10585 L   191 
-1.74592  1.17196  0.26413 B   192 
-1.60944  1.12062  0.58560 L   192 
-1.73577  0.88609  0.11573 B   193 
-1.51153  0.89199  0.10636 P   193 
-1.86805  0.66539 -0.06829 B   194 
-2.16518  0.84418 -0.13326 D   194 
-1.90214  0.36925 -0.16359 B   195 
-2.00467  0.20502  0.11760 N   195 
-1.59862  0.20045 -0.27665 B   196 
-1.45596  0.50134 -0.32076 H   196 
-1.32310  0.11845 -0.50924 B   197 
-1.47827 -0.15628 -0.73793 Y   197 
-1.00844 -0.03684 -0.57279 B   198 
-0.87334  0.24880 -0.43173 L   198 
-0.80856 -0.10982 -0.85406 B   199 
-0.93920 -0.23640 -1.03216 S   199 
-0.54383 -0.35474 -0.86526 B   200 
-0.50394 -0.29368 -0.63155 T   200 
-0.20457 -0.35978 -1.01554 B   201 
-0.48709 -0.34128 -1.26559 Q   201 
 0.09401 -0.56987 -1.02644 B   202 
 0.06876 -0.45901 -0.77480 S   202 
 0.46312 -0.55012 -1.08751 B   203 
 0.41928 -0.58862 -1.34281 V   203 
 0.73254 -0.76646 -1.04681 B   204 
 0.61202 -0.78455 -0.72686 L   204 
 1.09255 -0.70268 -1.02269 B   205 
 1.06457 -0.57792 -1.23496 S   205 
 1.43800 -0.68465 -1.13855 B   206 
 1.41579 -0.94248 -0.78459 K   206 
 1.76529 -0.56444 -1.09206 B   207 
 1.84296 -0.26862 -1.10211 D   207 
 2.04498 -0.66410 -1.26119 B   208 
 1.89916 -0.60608 -1.45047 P   208 
 2.23457 -0.42486 -1.09653 B   209 
 2.28697 -0.34741 -1.40458 N   209 
 2.13077 -0.55291 -0.81073 B   210 
 2.04149 -0.28904 -0.62056 E   210 
 2.26829 -0.68865 -0.50941 B   211 
 2.46999 -0.66664 -0.55109 K   211 
 2.04909 -0.61482 -0.34223 B   212 
 2.17199 -0.14903 -0.25118 R   212 
 1.77693 -0.63969 -0.17454 B   213 
 1.64895 -0.91378 -0.04273 D   213 
 1.48429 -0.62597 -0.39739 B   214 
 1.66493 -0.55906 -0.65096 H   214 
 1.21694 -0.40817 -0.56045 B   215 
 0.88124 -0.54103 -0.42043 M   215 
 1.03215 -0.38534 -0.84993 B   216 
 1.21654 -0.29074 -1.02129 V   216 
 0.75711 -0.14908 -0.91519 B   217 
 0.54764 -0.24287 -0.68559 L   217 
 0.43353 -0.17475 -1.07605 B   218 
 0.44943 -0.09147 -1.38399 L   218 
 0.13973  0.04278 -1.07024 B   219 
 0.04583 -0.05789 -0.67959 E   219 
-0.23134  0.00850 -1.09798 B   220 
-0.06038  0.08035 -1.48789 F   220 
-0.48984  0.25662 -1.01230 B   221 
-0.43582  0.17832 -0.76430 V   221 
-0.84521  0.24817 -0.95795 B   222 
-0.85910  0.21601 -1.21046 T   222 
-1.17031  0.37825 -0.94536 B   223 
-1.14597  0.50654 -0.76569 A   223 
-1.49260  0.24632 -0.82521 B   224 
-1.46337  0.13400 -1.02678 A   224 
-1.87059  0.19604 -0.77322 B   225 
-1.97122  0.45567 -0.92324 B   226 
-1.96831  0.62770 -0.66086 I   226 
-2.20928  0.59396 -1.11488 B   227 
-2.36554  0.39884 -1.15483 T   227 
-2.27785  0.77230 -1.37972 B   228 
-2.10985  1.02993 -1.58728 H   228 
-2.52438  0.99618 -1.44846 B   229 
