439 
 0.45779 -2.08507 -0.52039 B   1 
 0.53418 -1.91852 -0.35914 S   1 
 0.15657 -1.99657 -0.43796 B   2 
-0.20345 -2.18173 -0.31793 K   2 
 0.06753 -1.78929 -0.71788 B   3 
 0.33839 -1.70961 -0.86425 B   4 
 0.69825 -1.74839 -0.72696 E   4 
 0.26194 -1.77851 -1.16709 B   5 
 0.37517 -2.10554 -1.04850 E   5 
 0.07613 -1.51293 -1.19731 B   6 
-0.20402 -1.65056 -1.07918 L   6 
 0.36127 -1.31307 -1.18319 B   7 
 0.12537 -1.19354 -0.87220 F   7 
 0.48422 -1.34448 -1.44082 B   8 
 0.50746 -1.59128 -1.47627 T   8 
 0.62569 -1.09003 -1.53326 B   9 
 0.40404 -0.85153 -1.65670 B   10 
 0.54971 -0.63577 -1.70811 V   10 
 0.14866 -0.67831 -1.46286 B   11 
 0.06700 -0.90326 -1.34853 V   11 
-0.13789 -0.53294 -1.45931 B   12 
-0.15256 -0.59448 -1.69058 P   12 
-0.26039 -0.22212 -1.29975 B   13 
-0.05862 -0.29000 -1.07049 I   13 
-0.54192 -0.13734 -1.08066 B   14 
-0.78664 -0.05781 -1.26900 L   14 
-0.66040  0.16777 -0.91637 B   15 
-0.46161  0.13624 -0.73901 V   15 
-0.92334  0.23230 -0.66523 B   16 
-1.15721  0.21071 -1.01482 E   16 
-1.03770  0.53606 -0.49285 B   17 
-0.84323  0.59182 -0.25285 L   17 
-1.24384  0.61670 -0.21674 B   18 
-1.47786  0.57604 -0.46780 D   18 
-1.30067  0.92652 -0.03204 B   19 
-1.31828  1.06845  0.31878 B   20 
-1.59951  1.17209  0.35832 D   20 
-1.20903  1.38032  0.46081 B   21 
-0.95977  1.29683  0.45720 V   21 
-1.37092  1.56368  0.66805 B   22 
-1.14323  1.59945  0.89260 N   22 
-1.59413  1.56215  0.41141 B   23 
-1.39040  1.50919  0.17801 B   24 
-1.24261  1.84548  0.31796 H   24 
-1.44968  1.41824 -0.13989 B   25 
-1.88633  1.26058 -0.06293 K   25 
-1.27738  1.14788 -0.32735 B   26 
-0.99337  1.17659 -0.14321 F   26 
-1.08048  1.03464 -0.62050 B   27 
-1.33485  0.91616 -0.64599 S   27 
-0.87264  0.75239 -0.73678 B   28 
-0.66146  0.86220 -0.61268 V   28 
-0.66371  0.66939 -1.02540 B   29 
-0.90363  0.43331 -1.38672 R   29 
-0.47353  0.37630 -1.12949 B   30 
-0.18537  0.29076 -1.34460 B   31 
-0.50749  0.31850 -1.61661 E   31 
 0.00847 -0.01203 -1.44169 B   32 
 0.29586 -0.21649 -1.33091 B   33 
 0.43211 -0.22990 -1.69361 E   33 
 0.42591 -0.55211 -1.24475 B   34 
 0.74521 -0.70554 -1.10588 B   35 
 0.94807 -0.75640 -1.30759 D   35 
 0.78112 -0.95278 -0.88579 B   36 
 0.58690 -1.03037 -0.86123 A   36 
 1.06103 -1.07672 -0.94365 B   37 
 1.03963 -1.24647 -1.14090 T   37 
 1.17640 -0.76079 -0.88612 B   38 
 1.33322 -0.81159 -1.16285 N   38 
 0.99061 -0.57896 -0.70013 B   39 
 0.83281 -0.39444 -0.92485 B   40 
 1.08538 -0.17502 -1.20366 K   40 
 0.67242 -0.06219 -0.95134 B   41 
 0.44570 -0.23859 -0.75002 L   41 
 0.43944  0.11691 -1.18085 B   42 
 0.63303  0.11106 -1.33325 T   42 
 0.26095  0.43396 -1.12891 B   43 
 0.07207  0.16449 -0.99267 L   43 
-0.04096  0.62857 -1.20248 B   44 
-0.00528  0.94949 -1.49813 K   44 
-0.20406  0.90126 -1.04192 B   45 
-0.14507  0.57205 -0.77694 F   45 
-0.54351  1.03850 -1.02012 B   46 
-0.55312  1.05872 -1.30399 I   46 
-0.76046  1.29825 -0.95988 B   47 
-0.82192  1.40555 -0.70090 C   47 
-1.11386  1.27594 -1.04572 B   48 
-1.11134  1.03793 -1.07633 T   48 
-1.22300  1.54349 -0.84645 B   49 
-1.29260  1.36979 -0.69332 T   49 
-0.94974  1.71260 -0.85333 B   50 
-0.84706  1.81388 -0.56236 B   51 
-0.77122  2.01447 -0.56386 K   51 
-0.65332  1.69943 -0.32162 B   52 
-0.53927  1.38512 -0.33132 L   52 
-0.72245  1.71097  0.03440 B   53 
-0.91355  1.60060 -0.04976 P   53 
-0.44920  1.55412  0.04504 B   54 
-0.56492  1.38869  0.21237 V   54 
-0.15175  1.42664  0.06210 B   55 
-0.10119  1.58509  0.23357 P   55 
-0.01061  1.19778 -0.13642 B   56 
-0.17739  1.25659 -0.54397 W   56 
 0.17278  1.04336  0.07373 B   57 
 0.30645  1.25836  0.01097 P   57 
-0.07982  0.94400  0.25705 B   58 
-0.15983  1.16038  0.34198 T   58 
-0.16491  0.72023  0.00590 B   59 
-0.42109  0.91560 -0.05091 L   59 
 0.05210  0.50856 -0.06699 B   60 
 0.28217  0.62494 -0.10649 V   60 
-0.02030  0.25435  0.11802 B   61 
 0.08183  0.33187  0.33742 T   61 
-0.31110  0.22057 -0.00094 B   62 
-0.46589  0.36852  0.15511 T   62 
-0.25099  0.19573 -0.31083 B   63 
-0.31649  0.51834 -0.39810 L   63 
 0.10928  0.13744 -0.34827 B   64 
 0.05825 -0.08741 -0.03406 Z   64 
-0.20583 -0.27377 -0.19099 B   64 
 0.48631  0.10375  0.19864 Y   64 
 0.05325 -0.45305 -0.37179 B   65 
-0.06741 -0.35911 -0.55854 V   65 
 0.21681 -0.69289 -0.20171 B   66 
 0.16904 -0.51485  0.16192 Q   66 
 0.22064 -0.91586 -0.43659 B   67 
-0.03643 -0.87157 -0.51862 C   67 
 0.49941 -0.76684 -0.56029 B   68 
 0.23057 -0.66412 -0.85377 F   68 
 0.69287 -0.90561 -0.39379 B   69 
 0.62009 -0.78506 -0.15418 S   69 
 1.02698 -1.01186 -0.32418 B   70 
 1.45244 -1.03885 -0.59883 R   70 
 1.08877 -1.33607 -0.26315 B   71 
 0.72137 -1.28212  0.05235 Y   71 
 1.29032 -1.54588 -0.14994 B   72 
 1.38235 -1.36895 -0.00891 P   72 
 1.35036 -1.86866 -0.21450 B   73 
 1.63882 -1.88773 -0.28656 D   73 
 1.33693 -1.94028  0.11845 B   74 
 1.58092 -1.76939  0.23972 H   74 
 1.02633 -1.76752  0.13686 B   75 
 1.18548 -1.48235  0.34616 M   75 
 0.78359 -1.82821 -0.05447 B   76 
 0.98742 -1.75511 -0.39896 K   76 
 0.55986 -1.96479  0.14201 B   77 
 0.62403 -2.20618  0.48025 R   77 
 0.53015 -1.66949  0.30130 B   78 
 0.77992 -1.85006  0.54424 H   78 
 0.34074 -1.57220  0.05871 B   79 
 0.42455 -1.40148 -0.16338 D   79 
 0.02578 -1.47061  0.09994 B   80 
-0.23875 -1.39681  0.31268 F   80 
-0.05512 -1.28390 -0.13489 B   81 
 0.11494 -0.98163  0.11232 F   81 
-0.02206 -1.49962 -0.36780 B   82 
 0.35747 -1.33033 -0.51820 K   82 
-0.17729 -1.74046 -0.22738 B   83 
 0.02649 -1.82639 -0.07560 S   83 
-0.46813 -1.57479 -0.27264 B   84 
-0.47043 -1.47065 -0.10223 A   84 
-0.45220 -1.63609 -0.56425 B   85 
-0.39193 -1.25310 -0.58744 M   85 
-0.70051 -1.49106 -0.75956 B   86 
-0.67291 -1.67878 -0.90079 P   86 
-0.92541 -1.41294 -0.55059 B   87 
-1.06691 -1.79711 -0.45065 E   87 
-0.77995 -1.28949 -0.30020 B   88 
-0.78800 -0.99589 -0.07390 B   89 
-0.39987 -0.93421 -0.07333 Y   89 
-0.83042 -0.84367  0.23194 B   90 
-1.09546 -0.82149  0.26525 V   90 
-0.75054 -0.49625  0.31802 B   91 
-0.36957 -0.44351  0.22104 Q   91 
-0.69325 -0.36048  0.64280 B   92 
-1.06839 -0.52396  0.71772 E   92 
-0.68938 -0.02197  0.79815 B   93 
-0.23138 -0.07832  0.51427 R   93 
-0.51823  0.17267  1.04580 B   94 
-0.71924  0.16406  1.22566 T   94 
-0.43036  0.51840  1.04164 B   95 
-0.29235  0.47324  0.77162 I   95 
-0.21628  0.69504  1.26931 B   96 
-0.36732  0.56698  1.44662 S   96 
-0.17348  1.02440  1.31433 B   97 
-0.19064  1.02397  0.88768 F   97 
 0.02613  1.19592  1.49288 B   98 
 0.37065  1.12192  1.75946 K   98 
-0.16080  1.43660  1.63641 B   99 
-0.06091  1.62262  1.82043 D   99 
-0.40569  1.32991  1.45341 B   100 
-0.35391  1.56511  1.20161 D   100 
-0.56278  1.16330  1.23514 B   101 
-0.76699  0.90096  1.06806 B   102 
-0.73077  0.74797  1.29150 T   102 
-0.74886  0.60102  0.87892 B   103 
-0.56918  0.91923  0.55229 Y   103 
-0.98793  0.40059  0.70620 B   104 
-1.22923  0.15620  0.94981 K   104 
-0.94062  0.08002  0.54079 B   105 
-0.74529  0.19764  0.43715 T   105 
-1.07266 -0.09357  0.24135 B   106 
-1.38210 -0.45445  0.28513 R   106 
-0.96521 -0.37938  0.04611 B   107 
-0.82069 -0.22927 -0.03421 A   107 
-0.94260 -0.53207 -0.28310 B   108 
-1.32445 -0.69945 -0.19222 E   108 
-0.72996 -0.79680 -0.40173 B   109 
-0.51462 -0.65265 -0.35773 V   109 
-0.74107 -0.88985 -0.75130 B   110 
-1.11870 -0.93981 -0.61454 K   110 
-0.83231 -1.06254 -1.02474 B   111 
-0.41488 -1.17038 -1.10077 F   111 
-0.91699 -0.92155 -1.35497 B   112 
-1.15906 -0.65476 -1.15218 E   112 
-0.81347 -1.12697 -1.52301 B   113 
-0.48961 -0.99161 -1.60090 B   114 
-0.48843 -1.18632 -1.86185 D   114 
-0.56420 -0.79013 -1.36786 B   115 
-0.57888 -0.56762 -1.51719 T   115 
-0.44981 -0.61482 -1.09725 B   116 
-0.30307 -0.74328 -0.86954 L   116 
-0.67033 -0.52234 -0.82928 B   117 
-0.84879 -0.43855 -1.01629 V   117 
-0.73451 -0.20849 -0.63406 B   118 
-0.55114 -0.18306 -0.39773 N   118 
-1.00484 -0.16795 -0.40740 B   119 
-1.21811 -0.22707 -0.87283 R   119 
-1.09779  0.14243 -0.23017 B   120 
-0.80677  0.12867 -0.16959 I   120 
-1.17949  0.25731  0.10549 B   121 
-1.46351  0.04878 -0.01901 E   121 
-1.17748  0.59046  0.26019 B   122 
-0.88035  0.68242  0.27742 L   122 
-1.16845  0.71634  0.60215 B   123 
-1.58157  0.78194  0.75051 K   123 
-1.13887  1.04233  0.73619 B   124 
-1.06484  1.15530  1.07836 B   125 
-1.27139  0.96841  1.15946 I   125 
-0.98172  1.42076  1.29559 B   126 
-1.17123  1.24128  1.47478 D   126 
-0.85263  1.64740  1.14911 B   127 
-0.67156  1.33466  0.91114 F   127 
-0.65392  1.92210  1.17598 B   128 
-0.35149  1.89626  1.45988 K   128 
-0.63014  2.24381  1.16054 B   129 
-0.87495  2.54364  1.06774 E   129 
-0.31530  2.31886  1.04558 B   130 
-0.22055  2.57230  1.09472 D   130 
-0.19964  2.06541  0.97905 B   131 
-0.00229  1.84732  0.79823 B   132 
 0.25153  1.82913  1.00995 N   132 
-0.24228  1.75078  0.62090 B   133 
-0.25914  1.49325  0.74786 I   133 
-0.46133  1.98410  0.57061 B   134 
-0.73732  1.84916  0.69074 L   134 
-0.19896  2.18929  0.53486 B   135 
 0.01724  2.08739  0.34444 B   136 
-0.28153  1.99466  0.10994 H   136 
 0.33183  1.99567  0.49908 B   137 
 0.16042  2.28132  0.80540 K   137 
 0.41963  1.77379  0.30746 B   138 
 0.28571  1.54141  0.52224 L   138 
 0.64718  1.62729  0.13994 B   139 
 1.01456  1.78918  0.27483 E   139 
 0.74173  1.51516 -0.19557 B   140 
 0.50260  1.43099 -0.52356 Y   140 
 0.80497  1.21610 -0.04743 B   141 
 1.01612  1.37943  0.06446 N   141 
 0.99044  0.89825  0.04663 B   142 
 0.62177  0.70958  0.11569 F   142 
 1.05277  0.65444  0.25976 B   143 
 1.17722  0.90032  0.47545 N   143 
 1.19531  0.38226  0.40455 B   144 
 1.36877  0.33647  0.19440 S   144 
 1.05019  0.05977  0.49738 B   145 
 0.85475  0.41250  0.57070 H   145 
 0.90099 -0.16907  0.74270 B   146 
 1.23172 -0.23256  0.74335 N   146 
 0.70031 -0.46731  0.72543 B   147 
 0.51103 -0.37640  0.57434 V   147 
 0.53720 -0.63634  0.98578 B   148 
 0.92871 -0.44831  1.16370 Y   148 
 0.47832 -0.98848  0.98275 B   149 
 0.39100 -0.97257  0.68173 I   149 
 0.19304 -1.19272  1.09115 B   150 
 0.24043 -1.17713  1.34031 T   150 
 0.00025 -1.42937  1.20276 B   151 
 0.05551 -1.62996  1.12683 A   151 
-0.37448 -1.50696  1.17018 B   152 
-0.52483 -1.26353  1.24955 D   152 
-0.54496 -1.76559  1.26465 B   153 
-0.42149 -1.87029  1.40753 K   153 
-0.84383 -1.67550  1.29920 B   154 
-0.85036 -1.56433  1.48416 Q   154 
-0.83520 -1.54196  0.98342 B   155 
-0.85521 -1.35169  1.02823 K   155 
-0.64447 -1.69178  0.79649 B   156 
-0.69662 -1.93378  0.67872 N   156 
-0.39139 -1.48066  0.81174 B   157 
-0.27252 -1.14302  0.84788 B   158 
-0.05993 -1.18156  0.65103 I   158 
-0.04767 -0.91214  1.00419 B   159 
-0.37498 -0.91868  1.35557 K   159 
 0.04552 -0.55624  1.03589 B   160 
 0.13165 -0.59187  0.83428 A   160 
 0.33152 -0.34194  1.12827 B   161 
 0.12500 -0.42253  1.38561 N   161 
 0.39148  0.01999  1.10476 B   162 
 0.33423 -0.05743  0.76040 F   162 
 0.60135  0.32256  1.04244 B   163 
 0.57405  0.34960  1.50396 K   163 
 0.54650  0.61968  0.89958 B   164 
 0.45843  0.51820  0.63453 I   164 
 0.76815  0.87291  0.75256 B   165 
 1.09488  0.67146  0.90923 R   165 
 0.68941  1.21605  0.72077 B   166 
 0.36038  1.03447  0.56494 H   166 
 0.80595  1.47777  0.57001 B   167 
 1.12248  1.35904  0.52164 N   167 
 0.84466  1.80440  0.67392 B   168 
 0.64383  1.80825  0.86319 V   168 
 0.89603  2.13220  0.57731 B   169 
 0.55900  2.31132  0.48623 E   169 
 1.04340  2.19771  0.87878 B   170 
 0.84070  2.18698  1.04825 D   170 
 1.20123  1.90131  0.93946 B   171 
 1.00161  1.72965  1.04043 B   172 
 0.83901  1.85236  1.17983 S   172 
 0.79511  1.44499  1.16400 B   173 
 0.97928  1.27094  1.08054 V   173 
 0.52885  1.24000  1.03737 B   174 
 0.22513  1.37773  1.09794 Q   174 
 0.34954  1.00084  1.19034 B   175 
 0.62962  0.91330  1.38058 L   175 
 0.22527  0.66212  1.07685 B   176 
 0.13677  0.76359  0.92280 A   176 
 0.02945  0.42937  1.20871 B   177 
 0.18489  0.48016  1.50432 D   177 
 0.01327  0.07943  1.11721 B   178 
 0.04781  0.28723  0.76851 H   178 
-0.27754 -0.13014  1.08418 B   179 
-0.45561 -0.38531  1.37364 Y   179 
-0.29703 -0.47531  0.96442 B   180 
-0.12169 -0.44351  0.60800 Q   180 
-0.53379 -0.67854  0.75877 B   181 
-0.73287 -0.67627  1.12082 Q   181 
-0.54623 -1.01452  0.61317 B   182 
-0.34011 -0.81942  0.42880 N   182 
-0.78853 -1.18307  0.39583 B   183 
-0.93781 -1.20336  0.62069 T   183 
-0.90943 -1.44015  0.23814 B   184 
-0.76143 -1.57089  0.32482 P   184 
-1.14857 -1.50106 -0.00457 B   185 
-1.17230 -1.23871 -0.16651 I   185 
-1.03598 -1.77993 -0.03580 B   186 
-0.77427 -1.94111 -0.08700 B   187 
-0.91337 -2.23216 -0.19214 D   187 
-0.49530 -2.01195  0.08784 B   188 
-0.25177 -2.11933  0.25124 B   189 
-0.15300 -1.92675  0.27795 P   189 
-0.14776 -2.39644  0.40748 B   190 
-0.09340 -2.60349  0.25568 V   190 
 0.05031 -2.19707  0.54739 B   191 
 0.23392 -2.47585  0.61610 L   191 
 0.13326 -1.97446  0.75847 B   192 
-0.18527 -1.85274  0.84974 L   192 
 0.34167 -1.73721  0.82269 B   193 
 0.25733 -1.61016  0.65792 P   193 
 0.61940 -1.63640  0.93572 B   194 
 0.74334 -1.95570  1.02035 D   194 
 0.80274 -1.41685  1.06272 B   195 
 0.64897 -1.34431  1.35877 N   195 
 0.82746 -1.10186  0.87950 B   196 
 0.71952 -1.26141  0.60431 H   196 
 0.94150 -0.87353  0.61193 B   197 
 1.28306 -0.74246  0.74616 Y   197 
 0.91486 -0.56292  0.43880 B   198 
 0.65411 -0.71460  0.26926 L   198 
 1.09902 -0.38634  0.19529 B   199 
 1.34331 -0.36072  0.26220 S   199 
 1.07359 -0.03259  0.12893 B   200 
 0.83711 -0.05857  0.18676 T   200 
 1.06795  0.17094 -0.18131 B   201 
 1.39337 -0.01006 -0.11784 Q   201 
 1.01832  0.51642 -0.28897 B   202 
 0.77804  0.41186 -0.20190 S   202 
 0.91607  0.71742 -0.58813 B   203 
 1.16621  0.72284 -0.66548 V   203 
 0.83539  1.05081 -0.64637 B   204 
 0.61239  0.99456 -0.39275 L   204 
 0.65011  1.21085 -0.91898 B   205 
 0.80860  1.09350 -1.06904 S   205 
 0.60539  1.39934 -1.22810 B   206 
 0.38360  1.59482 -0.90428 K   206 
 0.39738  1.49449 -1.49533 B   207 
 0.28774  1.30084 -1.70538 D   207 
 0.45998  1.73955 -1.72509 B   208 
 0.66585  1.60692 -1.74713 P   208 
 0.17038  1.65744 -1.89738 B   209 
 0.39319  1.62563 -2.12755 N   209 
 0.00250  1.69997 -1.61657 B   210 
-0.20361  1.43399 -1.59327 E   210 
-0.27420  1.89058 -1.49312 B   211 
-0.32618  1.99134 -1.66647 K   211 
-0.35200  1.70197 -1.29356 B   212 
-0.61743  1.39739 -1.57128 R   212 
-0.37979  1.56208 -1.00639 B   213 
-0.36163  1.70856 -0.71128 D   213 
-0.07244  1.37899 -0.91980 B   214 
 0.05441  1.43108 -1.20720 H   214 
 0.11294  1.04565 -0.92494 B   215 
 0.16654  0.95577 -0.55211 M   215 
 0.43169  0.91859 -0.95185 B   216 
 0.47769  0.95048 -1.21488 V   216 
 0.53005  0.56580 -0.91210 B   217 
 0.44353  0.51850 -0.60280 L   217 
 0.80782  0.39637 -0.75278 B   218 
 1.04359  0.33839 -0.96030 L   218 
 0.85774  0.04768 -0.65482 B   219 
 0.58700  0.07387 -0.34245 E   219 
 1.04196 -0.14271 -0.39128 B   220 
 1.28935 -0.10028 -0.74259 F   220 
 0.99944 -0.49540 -0.29368 B   221 
 0.78582 -0.40034 -0.16765 V   221 
 1.09863 -0.69747 -0.01325 B   222 
 1.33237 -0.67960 -0.11341 T   222 
 1.18104 -0.99382  0.15456 B   223 
 0.97789 -1.08332  0.16203 A   223 
 1.24614 -1.07656  0.50758 B   224 
 1.44188 -0.96849  0.44351 A   224 
 1.36881 -1.25810  0.82398 B   225 
 1.46316 -1.52727  0.68727 B   226 
 1.18420 -1.66476  0.72884 I   226 
 1.68480 -1.77905  0.68780 B   227 
 1.83995 -1.71306  0.87663 T   227 
 1.88950 -1.96360  0.51261 B   228 
 1.92558 -2.07323  0.15997 H   228 
 1.98297 -2.28962  0.53696 B   229 
