439 
 0.38952 -1.98820 -0.85044 B   1 
 0.28548 -1.77904 -0.92117 S   1 
 0.63262 -1.80510 -0.73758 B   2 
 1.05380 -1.79103 -0.76429 K   2 
 0.56018 -1.80530 -0.38544 B   3 
 0.25697 -1.89564 -0.35311 B   4 
-0.01139 -1.91683 -0.63129 E   4 
 0.28812 -2.12004 -0.12732 B   5 
 0.35631 -2.31572 -0.42880 E   5 
 0.32918 -1.89951  0.10859 B   6 
 0.65948 -1.86827  0.07249 L   6 
-0.00380 -1.80251  0.07446 B   7 
 0.21820 -1.46744  0.00312 F   7 
-0.15357 -2.01370  0.19874 B   8 
-0.07473 -2.22599  0.09187 T   8 
-0.40754 -1.91125  0.33403 B   9 
-0.34359 -1.76153  0.64184 B   10 
-0.57560 -1.66336  0.72520 V   10 
-0.15316 -1.45519  0.69365 B   11 
 0.04045 -1.53477  0.53079 V   11 
 0.03541 -1.28190  0.88775 B   12 
 0.02481 -1.46942  1.03678 P   12 
 0.04257 -0.92254  0.97652 B   13 
-0.05494 -0.87385  0.68327 I   13 
 0.29965 -0.66108  0.97650 B   14 
 0.43857 -0.66617  1.26348 L   14 
 0.30679 -0.30391  1.05713 B   15 
 0.18490 -0.25976  0.82226 V   15 
 0.56331 -0.04165  1.01489 B   16 
 0.70159 -0.22570  1.36756 E   16 
 0.56919  0.31868  1.08700 B   17 
 0.42684  0.46840  0.85066 L   17 
 0.77443  0.59634  1.00949 B   18 
 0.94244  0.45960  1.27880 D   18 
 0.73001  0.95645  1.05047 B   19 
 0.75993  1.28597  0.86594 B   20 
 0.96970  1.44929  1.00988 D   20 
 0.56007  1.58499  0.86805 B   21 
 0.37733  1.46616  0.72108 V   21 
 0.66721  1.88709  0.87439 B   22 
 0.50111  2.00496  0.62527 N   22 
 0.80761  1.77387  1.16276 B   23 
 0.60173  1.54417  1.22312 B   24 
 0.35711  1.85187  1.22230 H   24 
 0.62415  1.29011  1.44174 B   25 
 1.09114  1.31448  1.49427 K   25 
 0.54984  0.93288  1.37255 B   26 
 0.32878  1.00801  1.12583 F   26 
 0.36310  0.62210  1.45054 B   27 
 0.63146  0.57238  1.52057 S   27 
 0.27827  0.29275  1.30664 B   28 
 0.07281  0.40696  1.17702 V   28 
 0.06889  0.00489  1.39114 B   29 
 0.30280 -0.34606  1.64799 R   29 
 0.00684 -0.32116  1.24032 B   30 
-0.25484 -0.58213  1.23411 B   31 
-0.04390 -0.66160  1.59148 E   31 
-0.31438 -0.91187  1.07160 B   32 
-0.45334 -1.05820  0.76185 B   33 
-0.64529 -1.32444  0.96818 E   33 
-0.40316 -1.28423  0.47311 B   34 
-0.58606 -1.38164  0.15399 B   35 
-0.78521 -1.58976  0.19200 D   35 
-0.46277 -1.43730 -0.15025 B   36 
-0.25391 -1.43811 -0.12336 A   36 
-0.66656 -1.62701 -0.29002 B   37 
-0.61705 -1.87298 -0.21769 T   37 
-0.89185 -1.37907 -0.22517 B   38 
-1.06699 -1.62407 -0.11092 N   38 
-0.76773 -1.08624 -0.19330 B   39 
-0.75821 -1.05412  0.13582 B   40 
-1.13458 -1.11848  0.34528 K   40 
-0.76745 -0.78676  0.39126 B   41 
-0.44910 -0.74417  0.25025 L   41 
-0.69083 -0.74544  0.75382 B   42 
-0.89069 -0.88698  0.78138 T   42 
-0.66067 -0.43654  0.95068 B   43 
-0.34923 -0.51262  0.79556 L   43 
-0.49670 -0.27120  1.23389 B   44 
-0.73088 -0.22299  1.60064 K   44 
-0.43728  0.06898  1.32043 B   45 
-0.28898 -0.02511  0.93155 F   45 
-0.19495  0.25901  1.51968 B   46 
-0.25677  0.09885  1.74686 I   46 
-0.10454  0.53845  1.69831 B   47 
-0.04114  0.79408  1.58434 C   47 
 0.19576  0.54457  1.90456 B   48 
 0.28998  0.34638  1.80743 T   48 
 0.21857  0.89340  1.93614 B   49 
 0.38783  0.87388  1.76458 T   49 
-0.09524  0.95679  1.90752 B   50 
-0.16594  1.19237  1.69548 B   51 
-0.31948  1.32547  1.76406 K   51 
-0.23378  1.21505  1.37381 B   52 
-0.19959  0.94856  1.17454 L   52 
-0.10120  1.46117  1.14248 B   53 
 0.09559  1.36716  1.23317 P   53 
-0.27008  1.29103  0.93777 B   54 
-0.06096  1.29658  0.77966 V   54 
-0.47147  1.14168  0.73243 B   55 
-0.54717  1.35675  0.66116 P   55 
-0.53886  0.81542  0.70579 B   56 
-0.50664  0.64092  1.11308 W   56 
-0.58696  0.79123  0.39155 B   57 
-0.81060  0.88433  0.48824 P   57 
-0.28323  0.88596  0.31376 B   58 
-0.28850  1.11865  0.39289 T   58 
-0.16626  0.57958  0.42708 B   59 
-0.03899  0.74607  0.67830 L   59 
-0.28029  0.32829  0.28196 B   60 
-0.54054  0.34109  0.27015 V   60 
-0.06680  0.26892  0.04745 B   61 
-0.14223  0.44208 -0.12257 T   61 
 0.17651  0.23219  0.24570 B   62 
 0.28169  0.47419  0.26965 T   62 
 0.06756  0.00687  0.43967 B   63 
-0.03369  0.20849  0.69479 L   63 
-0.23054 -0.13823  0.28261 B   64 
-0.02050 -0.09945 -0.04338 Z   64 
 0.25728 -0.28014  0.09549 B   64 
-0.42743  0.09669 -0.30768 Y   64 
 0.06906 -0.58369  0.02927 B   65 
 0.09352 -0.60382  0.26855 V   65 
 0.06661 -0.69269 -0.28903 B   66 
 0.11006 -0.32155 -0.45206 Q   66 
 0.10893 -1.00754 -0.22601 B   67 
 0.29694 -0.96995 -0.03103 C   67 
-0.22629 -1.03343 -0.17943 B   68 
-0.09908 -1.08160  0.20845 F   68 
-0.29943 -1.07533 -0.45746 B   69 
-0.23607 -0.81941 -0.54538 S   69 
-0.53071 -1.18384 -0.70746 B   70 
-0.95079 -1.46783 -0.69919 R   70 
-0.43119 -1.40225 -0.94210 B   71 
-0.06475 -1.08507 -0.99267 Y   71 
-0.49220 -1.53248 -1.21918 B   72 
-0.61879 -1.33156 -1.27634 P   72 
-0.41896 -1.82793 -1.35814 B   73 
-0.67871 -1.94970 -1.43853 D   73 
-0.30410 -1.67065 -1.63785 B   74 
-0.56532 -1.51950 -1.74901 H   74 
-0.10313 -1.46233 -1.43079 B   75 
-0.32054 -1.15209 -1.51410 M   75 
 0.09412 -1.57488 -1.21253 B   76 
-0.19048 -1.77947 -1.00586 K   76 
 0.39156 -1.50610 -1.33130 B   77 
 0.51317 -1.48965 -1.73346 R   77 
 0.32420 -1.17863 -1.29026 B   78 
 0.23643 -1.21630 -1.67090 H   78 
 0.39527 -1.21627 -0.97765 B   79 
 0.19994 -1.24516 -0.76202 D   79 
 0.63581 -1.04612 -0.82140 B   80 
 0.88139 -0.80055 -0.82952 F   80 
 0.57492 -1.03534 -0.51690 B   81 
 0.34876 -0.69093 -0.62481 F   81 
 0.58895 -1.34985 -0.46438 B   82 
 0.15099 -1.39903 -0.43128 K   82 
 0.85946 -1.40914 -0.62290 B   83 
 0.75122 -1.42283 -0.86794 S   83 
 1.03242 -1.25020 -0.38019 B   84 
 1.02624 -1.06509 -0.45493 A   84 
 0.98187 -1.48187 -0.19902 B   85 
 0.75830 -1.22216 -0.01624 M   85 
 1.09406 -1.44141  0.12750 B   86 
 1.12061 -1.67644  0.12761 P   86 
 1.30228 -1.20354  0.10720 B   87 
 1.61407 -1.39858 -0.09856 E   87 
 1.17578 -0.98594 -0.08185 B   88 
 1.10470 -0.62256 -0.10130 B   89 
 0.73850 -0.65995 -0.23895 Y   89 
 1.14214 -0.30806 -0.23621 B   90 
 1.37166 -0.21324 -0.13533 V   90 
 0.94045 -0.01098 -0.16165 B   91 
 0.56326 -0.11450 -0.22750 Q   91 
 0.90187  0.28143 -0.36216 B   92 
 1.31713  0.28684 -0.33766 E   92 
 0.78556  0.63157 -0.31111 B   93 
 0.34773  0.31275 -0.32468 R   93 
 0.60516  0.89529 -0.47364 B   94 
 0.82371  1.04475 -0.52580 T   94 
 0.37767  1.13297 -0.33571 B   95 
 0.21800  0.90047 -0.21552 I   95 
 0.16317  1.36141 -0.51084 B   96 
 0.38918  1.40886 -0.64245 S   96 
-0.00714  1.62731 -0.39846 B   97 
-0.08432  1.36406 -0.07126 F   97 
-0.21739  1.82434 -0.53305 B   98 
-0.42909  1.86086 -0.91917 K   98 
-0.12696  2.13502 -0.43943 B   99 
-0.25506  2.36793 -0.52768 D   99 
 0.09389  1.99364 -0.24947 B   100 
-0.10778  2.00147  0.03456 D   100 
 0.25622  1.76627 -0.10105 B   101 
 0.51231  1.50929 -0.01849 B   102 
 0.59524  1.52634 -0.27824 T   102 
 0.58536  1.16219 -0.03444 B   103 
 0.21963  1.15782  0.29184 Y   103 
 0.84393  0.95567  0.09841 B   104 
 1.21363  0.97685 -0.10201 K   104 
 0.90551  0.60161  0.04171 B   105 
 0.66123  0.58277  0.09367 T   105 
 1.03136  0.31285  0.23667 B   106 
 1.46786  0.13653  0.15739 R   106 
 1.01882 -0.04680  0.19368 B   107 
 0.80997 -0.01569  0.26638 A   107 
 0.99386 -0.37196  0.35445 B   108 
 1.42013 -0.35804  0.36794 E   108 
 0.89672 -0.69068  0.21899 B   109 
 0.65541 -0.60168  0.16482 V   109 
 0.87104 -0.97654  0.43946 B   110 
 1.25271 -0.84679  0.47542 K   110 
 0.96643 -1.25721  0.59771 B   111 
 0.63141 -1.47597  0.42007 F   111 
 0.90798 -1.33952  0.95254 B   112 
 1.04819 -0.96027  1.03866 E   112 
 0.86996 -1.62102  0.93105 B   113 
 0.51110 -1.63827  0.91691 B   114 
 0.53786 -1.94766  1.01476 D   114 
 0.53960 -1.32537  0.87516 B   115 
 0.42377 -1.24862  1.10477 T   115 
 0.42219 -1.04952  0.71032 B   116 
 0.39872 -1.03532  0.41177 L   116 
 0.63313 -0.76495  0.65106 B   117 
 0.71251 -0.78034  0.91049 V   117 
 0.59568 -0.39364  0.68936 B   118 
 0.47539 -0.26657  0.44543 N   118 
 0.86375 -0.16307  0.65669 B   119 
 0.97517 -0.45212  1.06855 R   119 
 0.84908  0.20061  0.71919 B   120 
 0.61350  0.16516  0.54086 I   120 
 0.94350  0.51424  0.56025 B   121 
 1.25536  0.34151  0.67235 E   121 
 0.83100  0.86036  0.60993 B   122 
 0.53492  0.87579  0.51433 L   122 
 0.84264  1.16654  0.41249 B   123 
 1.20785  1.39789  0.51290 K   123 
 0.70464  1.48841  0.46214 B   124 
 0.66504  1.77097  0.22993 B   125 
 0.94426  1.72619  0.16510 I   125 
 0.52442  2.08784  0.16374 B   126 
 0.80675  2.10624  0.02167 D   126 
 0.28161  2.13833  0.33102 B   127 
 0.20705  1.71585  0.27473 F   127 
-0.00538  2.31815  0.36217 B   128 
-0.19735  2.41073  0.00537 K   128 
-0.16882  2.54464  0.52430 B   129 
-0.10452  2.76452  0.84983 E   129 
-0.50170  2.46094  0.51173 B   130 
-0.68370  2.66123  0.56056 D   130 
-0.50757  2.20422  0.38482 B   131 
-0.62498  1.88492  0.32594 B   132 
-0.79336  1.94865  0.04815 N   132 
-0.41159  1.75364  0.51459 B   133 
-0.25784  1.64348  0.29791 I   133 
-0.33183  1.94463  0.76381 B   134 
-0.00589  1.97823  0.72575 L   134 
-0.65799  2.01938  0.77961 B   135 
-0.84428  1.77715  0.77787 B   136 
-0.59348  1.62571  1.03675 H   136 
-1.04635  1.73690  0.47981 B   137 
-0.95371  2.17970  0.46711 K   137 
-1.06860  1.43172  0.47457 B   138 
-0.80430  1.42065  0.25529 L   138 
-1.24056  1.16788  0.42844 B   139 
-1.60290  1.29408  0.24913 E   139 
-1.34739  0.85363  0.58307 B   140 
-1.17273  0.63729  0.89052 Y   140 
-1.24116  0.70823  0.29505 B   141 
-1.47241  0.85495  0.20136 N   141 
-1.24547  0.48846 -0.01473 B   142 
-0.82623  0.46991 -0.00122 F   142 
-1.14829  0.42530 -0.32347 B   143 
-1.31694  0.71759 -0.41619 N   143 
-1.12382  0.28079 -0.62987 B   144 
-1.30128  0.07756 -0.57026 S   144 
-0.83711  0.12834 -0.79790 B   145 
-0.80294  0.48103 -0.59190 H   145 
-0.55436  0.14232 -1.03170 B   146 
-0.81611  0.02352 -1.20714 N   146 
-0.25337 -0.04872 -1.08097 B   147 
-0.15982 -0.03399 -0.84024 V   147 
 0.01891  0.02252 -1.29012 B   148 
-0.36655  0.19000 -1.49908 Y   148 
 0.22224 -0.23074 -1.43842 B   149 
 0.22658 -0.38804 -1.16688 I   149 
 0.58377 -0.25443 -1.49830 B   150 
 0.58951 -0.09727 -1.69791 T   150 
 0.87910 -0.32044 -1.61686 B   151 
 0.90116 -0.53030 -1.68413 A   151 
 1.23353 -0.31788 -1.46896 B   152 
 1.27688 -0.05315 -1.34168 D   152 
 1.51514 -0.41591 -1.59531 B   153 
 1.48337 -0.43187 -1.80828 K   153 
 1.74513 -0.26206 -1.44676 B   154 
 1.74276 -0.06167 -1.52708 Q   154 
 1.61138 -0.36112 -1.14689 B   155 
 1.55621 -0.18607 -1.07671 K   155 
 1.46888 -0.63160 -1.16419 B   156 
 1.59379 -0.87542 -1.17427 N   156 
 1.15932 -0.51851 -1.17965 B   157 
 0.91695 -0.26841 -1.08942 B   158 
 0.70499 -0.46636 -1.05309 I   158 
 0.65409 -0.04622 -1.18857 B   159 
 1.01940  0.23932 -1.31365 K   159 
 0.42531  0.22035 -1.07475 B   160 
 0.32172  0.04898 -0.97865 A   160 
 0.10228  0.37691 -1.16073 B   161 
 0.37360  0.52200 -1.30461 N   161 
-0.11199  0.62069 -0.98810 B   162 
-0.10294  0.35980 -0.74375 F   162 
-0.44012  0.76325 -0.88096 B   163 
-0.32800  1.07788 -1.20176 K   163 
-0.55171  0.90869 -0.60150 B   164 
-0.48810  0.68600 -0.41532 I   164 
-0.88712  0.95876 -0.46060 B   165 
-1.05188  0.83485 -0.82030 R   165 
-0.97368  1.21330 -0.23110 B   166 
-0.64090  1.05095 -0.06254 H   166 
-1.22162  1.29016 -0.03763 B   167 
-1.45765  1.10236 -0.19778 N   167 
-1.37441  1.59170  0.03099 B   168 
-1.15937  1.75635 -0.02209 V   168 
-1.58221  1.76606  0.24510 B   169 
-1.38458  1.91644  0.54890 E   169 
-1.67424  1.97170 -0.01207 B   170 
-1.45554  2.11345 -0.05676 D   170 
-1.67087  1.75316 -0.27412 B   171 
-1.40002  1.73072 -0.34924 B   172 
-1.28069  1.94508 -0.32204 S   172 
-1.06932  1.63914 -0.49483 B   173 
-1.17319  1.41657 -0.59900 V   173 
-0.77501  1.46388 -0.38705 B   174 
-0.55576  1.67080 -0.23210 Q   174 
-0.48143  1.41893 -0.54372 B   175 
-0.64742  1.41154 -0.85144 L   175 
-0.25061  1.12085 -0.57415 B   176 
-0.25046  1.11984 -0.36955 A   176 
 0.05006  1.07108 -0.70462 B   177 
-0.04393  1.26027 -0.96824 D   177 
 0.19592  0.75493 -0.80396 B   178 
 0.00021  0.68538 -0.45348 H   178 
 0.53396  0.64005 -0.75804 B   179 
 0.86293  0.66812 -1.02562 Y   179 
 0.67454  0.31053 -0.83236 B   180 
 0.43016  0.07368 -0.62507 Q   180 
 0.92516  0.08083 -0.67722 B   181 
 1.17678  0.35191 -0.86142 Q   181 
 1.04999 -0.25947 -0.73061 B   182 
 0.74523 -0.27298 -0.58404 N   182 
 1.28792 -0.46927 -0.54697 B   183 
 1.47602 -0.31164 -0.66112 T   183 
 1.47087 -0.73446 -0.50488 B   184 
 1.41675 -0.81039 -0.69934 P   184 
 1.65394 -0.88007 -0.24975 B   185 
 1.52605 -0.77938  0.01316 I   185 
 1.66940 -1.13312 -0.41451 B   186 
 1.49910 -1.34267 -0.57001 B   187 
 1.72406 -1.59656 -0.57644 D   187 
 1.32353 -1.34692 -0.85736 B   188 
 1.19230 -1.37805 -1.13905 B   189 
 1.02829 -1.23830 -1.10556 P   189 
 1.25511 -1.51076 -1.43982 B   190 
 1.26433 -1.77269 -1.45303 V   190 
 1.02578 -1.31666 -1.53084 B   191 
 1.00070 -1.52256 -1.80126 L   191 
 0.90252 -1.03573 -1.61376 B   192 
 1.14829 -0.81845 -1.48344 L   192 
 0.63134 -0.86276 -1.63356 B   193 
 0.61445 -0.85219 -1.40993 P   193 
 0.36914 -0.77663 -1.78818 B   194 
 0.41727 -0.99006 -2.06497 D   194 
 0.14116 -0.57228 -1.85306 B   195 
 0.30841 -0.29956 -1.97224 N   195 
-0.05652 -0.45589 -1.56885 B   196 
 0.04741 -0.72417 -1.39548 H   196 
-0.31311 -0.47654 -1.30339 B   197 
-0.63966 -0.36828 -1.48642 Y   197 
-0.46177 -0.34601 -1.00670 B   198 
-0.20465 -0.50929 -0.84247 L   198 
-0.75210 -0.40562 -0.81552 B   199 
-0.96246 -0.39747 -0.95866 S   199 
-0.89738 -0.17626 -0.57787 B   200 
-0.66668 -0.10842 -0.53183 T   200 
-1.04775 -0.21628 -0.24097 B   201 
-1.24038 -0.38282 -0.51998 Q   201 
-1.17721 -0.01370  0.03399 B   202 
-0.90284  0.01431  0.02045 S   202 
-1.23955 -0.02777  0.40314 B   203 
-1.47752 -0.12620  0.35555 V   203 
-1.32592  0.20334  0.64845 B   204 
-1.05151  0.36793  0.52666 L   204 
-1.29211  0.19311  1.01315 B   205 
-1.41248 -0.02300  0.99840 S   205 
-1.40152  0.15098  1.35861 B   206 
-1.22197  0.54798  1.30951 K   206 
-1.31858  0.10035  1.69667 B   207 
-1.18428 -0.15244  1.80487 D   207 
-1.52921  0.12701  1.96442 B   208 
-1.65669 -0.03080  1.82549 P   208 
-1.27756  0.02044  2.17798 B   209 
-1.50859 -0.19550  2.23823 N   209 
-1.08827  0.26419  2.06133 B   210 
-0.78772  0.12386  2.00011 E   210 
-0.90195  0.54419  2.18385 B   211 
-0.93763  0.52268  2.38675 K   211 
-0.70900  0.54429  1.97357 B   212 
-0.40501  0.19974  2.14450 R   212 
-0.56193  0.62485  1.70027 B   213 
-0.57735  0.91523  1.54431 D   213 
-0.73285  0.47512  1.41070 B   214 
-0.92863  0.30711  1.59737 H   214 
-0.75184  0.18177  1.16762 B   215 
-0.67910  0.33576  0.81985 M   215 
-0.98157  0.00065  0.98626 B   216 
-1.09258 -0.14978  1.17957 V   216 
-0.90628 -0.26041  0.73746 B   217 
-0.74312 -0.08385  0.51930 L   217 
-1.04148 -0.34805  0.41299 B   218 
-1.26761 -0.57226  0.43755 L   218 
-0.91297 -0.55915  0.14356 B   219 
-0.61977 -0.28568  0.03960 E   219 
-0.93466 -0.57713 -0.22906 B   220 
-1.24558 -0.81842 -0.05148 F   220 
-0.72362 -0.77146 -0.46019 B   221 
-0.55057 -0.57515 -0.41469 V   221 
-0.66220 -0.76923 -0.81450 B   222 
-0.89616 -0.86901 -0.83165 T   222 
-0.56966 -0.90446 -1.12422 B   223 
-0.35154 -0.92294 -1.08660 A   223 
-0.51436 -0.75998 -1.45855 B   224 
-0.74630 -0.76134 -1.44121 A   224 
-0.47459 -0.72496 -1.83973 B   225 
-0.47020 -1.03270 -1.91263 B   226 
-0.15758 -1.04947 -1.89176 I   226 
-0.55501 -1.26920 -2.13489 B   227 
-0.67845 -1.13527 -2.31070 T   227 
-0.69216 -1.56141 -2.18440 B   228 
-0.75262 -1.87184 -1.99035 H   228 
-0.62752 -1.81096 -2.40614 B   229 
