439 
-1.41614 -1.13948  1.23451 B   1 
-1.37594 -1.09881  0.99722 S   1 
-1.09641 -1.18982  1.25890 B   2 
-0.83557 -1.48164  1.41739 K   2 
-0.98937 -0.87868  1.40376 B   3 
-1.22357 -0.66881  1.35637 B   4 
-1.52550 -0.70581  1.11695 E   4 
-1.25211 -0.54775  1.65106 B   5 
-1.46711 -0.84263  1.67659 E   5 
-0.98108 -0.36989  1.62141 B   6 
-0.76997 -0.60758  1.72296 L   6 
-1.14096 -0.16711  1.38740 B   7 
-0.81545 -0.32289  1.19657 F   7 
-1.31795 -0.00303  1.54307 B   8 
-1.45283 -0.16095  1.68298 T   8 
-1.35158  0.27620  1.42390 B   9 
-1.08110  0.48425  1.49322 B   10 
-1.12627  0.70974  1.36081 V   10 
-0.74066  0.43775  1.37185 B   11 
-0.74185  0.17990  1.43394 V   11 
-0.42621  0.48254  1.42061 B   12 
-0.49012  0.57775  1.63117 P   12 
-0.14988  0.58940  1.19859 B   13 
-0.30616  0.43888  0.97321 I   13 
 0.18062  0.45512  1.11383 B   14 
 0.38838  0.57952  1.32129 L   14 
 0.45199  0.55563  0.88937 B   15 
 0.30281  0.46416  0.68603 V   15 
 0.76439  0.39016  0.78265 B   16 
 0.88395  0.54184  1.15690 E   16 
 1.03333  0.48548  0.55102 B   17 
 0.93930  0.41939  0.25892 L   17 
 1.30842  0.32878  0.39291 B   18 
 1.44120  0.40454  0.70288 D   18 
 1.53231  0.43339  0.12410 B   19 
 1.68516  0.31676 -0.20234 B   20 
 1.98468  0.30892 -0.16202 D   20 
 1.75539  0.48555 -0.51210 B   21 
 1.50036  0.47914 -0.57560 V   21 
 2.02132  0.45850 -0.68909 B   22 
 1.88623  0.39427 -0.97398 N   22 
 2.16037  0.56944 -0.39918 B   23 
 1.90863  0.71970 -0.28589 B   24 
 1.95525  0.91643 -0.62300 H   24 
 1.85225  0.83734  0.02366 B   25 
 2.18271  0.57649  0.23389 K   25 
 1.54382  0.78903  0.22480 B   26 
 1.34764  0.75695 -0.05065 F   26 
 1.25900  0.92994  0.41600 B   27 
 1.42475  0.80196  0.60451 S   27 
 0.92974  0.83592  0.55430 B   28 
 0.81939  0.88641  0.31487 V   28 
 0.64848  0.99928  0.72177 B   29 
 0.67791  0.99612  1.21470 R   29 
 0.33261  0.88568  0.86401 B   30 
-0.00315  1.01834  0.94330 B   31 
 0.23179  1.13944  1.27294 E   31 
-0.32490  0.89388  1.08355 B   32 
-0.64090  0.73351  0.97823 B   33 
-0.84449  0.97963  1.19794 E   33 
-0.88135  0.45608  1.02510 B   34 
-1.19709  0.32333  0.85938 B   35 
-1.44030  0.45516  0.94823 D   35 
-1.28790  0.00811  0.80238 B   36 
-1.14624 -0.10747  0.90688 A   36 
-1.59901  0.01190  0.78652 B   37 
-1.69652  0.00324  1.02859 T   37 
-1.55070  0.23787  0.53544 B   38 
-1.76985  0.40667  0.70046 N   38 
-1.26911  0.21778  0.38551 B   39 
-1.09982  0.46247  0.53012 B   40 
-1.28619  0.85596  0.52013 K   40 
-0.82134  0.69350  0.45334 B   41 
-0.65575  0.38630  0.48875 L   41 
-0.58966  0.92084  0.63681 B   42 
-0.79458  1.05361  0.67019 T   42 
-0.28494  1.08754  0.51665 B   43 
-0.20685  0.75940  0.63101 L   43 
 0.04755  1.21414  0.60527 B   44 
 0.09126  1.64733  0.65109 K   44 
 0.34312  1.28300  0.41916 B   45 
 0.20635  0.88324  0.35949 F   45 
 0.70428  1.29883  0.48121 B   46 
 0.65996  1.48934  0.68815 I   46 
 1.01963  1.40904  0.40012 B   47 
 1.17596  1.31435  0.17886 C   47 
 1.30059  1.36946  0.62871 B   48 
 1.18870  1.21063  0.76957 T   48 
 1.55510  1.42196  0.39276 B   49 
 1.57395  1.18091  0.39491 T   49 
 1.38774  1.61223  0.19502 B   50 
 1.40478  1.52856 -0.11831 B   51 
 1.42496  1.69637 -0.25032 K   51 
 1.23786  1.33420 -0.32554 B   52 
 0.99986  1.12921 -0.21051 L   52 
 1.38045  1.10536 -0.56837 B   53 
 1.48164  1.03382 -0.36730 P   53 
 1.07575  1.04023 -0.61627 B   54 
 1.14162  0.78652 -0.60893 V   54 
 0.76398  0.99833 -0.69415 B   55 
 0.82550  1.02094 -0.92386 P   55 
 0.49839  0.98131 -0.49197 B   56 
 0.58151  1.24405 -0.14349 W   56 
 0.31658  0.77384 -0.65179 B   57 
 0.27913  1.00325 -0.77011 P   57 
 0.53429  0.53007 -0.63020 B   58 
 0.71639  0.62195 -0.76743 T   58 
 0.45744  0.50079 -0.29311 B   59 
 0.75389  0.62738 -0.23724 L   59 
 0.16012  0.43457 -0.22660 B   60 
 0.00065  0.59634 -0.35480 V   60 
 0.15347  0.11261 -0.20688 B   61 
 0.14519  0.05572 -0.45442 T   61 
 0.36751  0.09868  0.02516 B   62 
 0.60082  0.07860 -0.09881 T   62 
 0.23703  0.28675  0.24395 B   63 
 0.41514  0.56908  0.17647 L   63 
-0.11154  0.34441  0.14515 B   64 
-0.09619 -0.03166  0.04402 Z   64 
 0.02018 -0.13051  0.36926 B   64 
-0.33755  0.05892 -0.41147 Y   64 
-0.32330 -0.09589  0.48229 B   65 
-0.21750  0.06517  0.62762 V   65 
-0.53343 -0.34667  0.40381 B   66 
-0.33577 -0.45076  0.06277 Q   66 
-0.68421 -0.36627  0.68978 B   67 
-0.45787 -0.33743  0.84050 C   67 
-0.89038 -0.11685  0.58731 B   68 
-0.67424  0.08543  0.87248 F   68 
-1.08368 -0.28312  0.44804 B   69 
-0.91591 -0.35822  0.23959 S   69 
-1.40695 -0.33400  0.30426 B   70 
-1.85040 -0.09049  0.33946 R   70 
-1.58819 -0.60193  0.39383 B   71 
-1.17502 -0.83819  0.28936 Y   71 
-1.83087 -0.78642  0.32653 B   72 
-1.80423 -0.72195  0.09245 P   72 
-2.03716 -0.97516  0.51033 B   73 
-2.31341 -0.88199  0.44898 D   73 
-1.98429 -1.23988  0.30226 B   74 
-2.09751 -1.13470  0.02019 H   74 
-1.63373 -1.18905  0.33660 B   75 
-1.60417 -1.07154 -0.03188 M   75 
-1.48906 -1.16752  0.61556 B   76 
-1.71037 -0.85327  0.74909 K   76 
-1.30989 -1.44119  0.63339 B   77 
-1.39729 -1.81975  0.47263 R   77 
-1.12152 -1.32570  0.37915 B   78 
-1.36563 -1.55891  0.17907 H   78 
-0.96621 -1.14210  0.59447 B   79 
-1.01372 -0.85712  0.63938 D   79 
-0.63771 -1.15985  0.64917 B   80 
-0.32822 -1.29472  0.56729 F   80 
-0.53694 -0.89056  0.76697 B   81 
-0.50130 -0.78155  0.35678 F   81 
-0.70973 -0.89962  1.03518 B   82 
-1.00108 -0.59650  0.89895 K   82 
-0.64778 -1.20162  1.11752 B   83 
-0.83041 -1.31682  0.95839 S   83 
-0.33136 -1.11202  1.19459 B   84 
-0.24734 -1.14092  1.01572 A   84 
-0.43501 -0.97229  1.43703 B   85 
-0.32693 -0.65751  1.23684 M   85 
-0.19725 -0.79519  1.61854 B   86 
-0.33328 -0.84174  1.80636 P   86 
 0.07862 -0.91589  1.52016 B   87 
 0.05773 -1.29711  1.69857 E   87 
 0.05904 -0.94832  1.20766 B   88 
 0.24223 -0.87129  0.89463 B   89 
-0.07053 -0.74138  0.69527 Y   89 
 0.41151 -0.95746  0.60753 B   90 
 0.66023 -1.01901  0.68625 V   90 
 0.51070 -0.73341  0.33467 B   91 
 0.17919 -0.55078  0.21604 Q   91 
 0.58972 -0.82217 -0.00159 B   92 
 0.86339 -1.07280  0.18643 E   92 
 0.76656 -0.66455 -0.28903 B   93 
 0.27993 -0.43025 -0.24631 R   93 
 0.75474 -0.63631 -0.64620 B   94 
 0.96584 -0.79869 -0.68972 T   94 
 0.82665 -0.35539 -0.85399 B   95 
 0.62786 -0.19061 -0.68868 I   95 
 0.76515 -0.31887 -1.20577 B   96 
 0.88026 -0.55843 -1.20930 S   96 
 0.88006 -0.09071 -1.42275 B   97 
 0.80248  0.17191 -1.09513 F   97 
 0.81836 -0.03047 -1.72886 B   98 
 0.54262 -0.17801 -2.04100 K   98 
 1.11722  0.01987 -1.87588 B   99 
 1.15024  0.06600 -2.15016 D   99 
 1.24566  0.00123 -1.57923 B   100 
 1.24766  0.34622 -1.53042 D   100 
 1.26369 -0.02131 -1.26420 B   101 
 1.29257 -0.15784 -0.91929 B   102 
 1.24303 -0.40439 -1.02605 T   102 
 1.10587 -0.26066 -0.63532 B   103 
 1.01568  0.22104 -0.62728 Y   103 
 1.19085 -0.35477 -0.30204 B   104 
 1.34892 -0.74255 -0.25805 K   104 
 0.97481 -0.48158 -0.03820 B   105 
 0.83238 -0.28631 -0.10388 T   105 
 0.95031 -0.45319  0.33034 B   106 
 1.07428 -0.81820  0.61196 R   106 
 0.69024 -0.52227  0.57314 B   107 
 0.61139 -0.32821  0.49573 A   107 
 0.53304 -0.42614  0.88658 B   108 
 0.81435 -0.69112  1.06748 E   108 
 0.20665 -0.50451  1.01581 B   109 
 0.09018 -0.37729  0.81748 V   109 
 0.10036 -0.35822  1.32931 B   110 
 0.43877 -0.56290  1.41528 K   110 
 0.04618 -0.33658  1.66024 B   111 
-0.38222 -0.27960  1.59040 F   111 
 0.10980 -0.04277  1.87409 B   112 
 0.48105 -0.02181  1.69345 E   112 
-0.10613 -0.06941  2.05798 B   113 
-0.34775  0.15090  1.90845 B   114 
-0.48962  0.16821  2.20100 D   114 
-0.14477  0.14021  1.66525 B   115 
-0.06791  0.39725  1.67234 T   115 
-0.11033  0.12732  1.32510 B   116 
-0.24502 -0.07959  1.15501 L   116 
 0.18071 -0.01854  1.17341 B   117 
 0.33263  0.12256  1.34905 V   117 
 0.41506  0.08094  0.89787 B   118 
 0.31682 -0.00800  0.62851 N   118 
 0.71824 -0.08882  0.82470 B   119 
 0.77843  0.11158  1.29567 R   119 
 0.97235  0.01307  0.57686 B   120 
 0.72488  0.02788  0.41226 I   120 
 1.16629 -0.12825  0.30307 B   121 
 1.29753 -0.26831  0.62371 E   121 
 1.34230  0.02536  0.01961 B   122 
 1.12588  0.14789 -0.16798 L   122 
 1.46298 -0.09199 -0.30369 B   123 
 1.88499 -0.22494 -0.26884 K   123 
 1.60729  0.07512 -0.58002 B   124 
 1.66555 -0.03798 -0.92519 B   125 
 1.78292 -0.27355 -0.80311 I   125 
 1.75483  0.04333 -1.25682 B   126 
 1.88174 -0.24430 -1.21940 D   126 
 1.70828  0.33280 -1.31619 B   127 
 1.36289  0.28617 -1.05978 F   127 
 1.65919  0.56505 -1.55975 B   128 
 1.44488  0.43368 -1.89073 K   128 
 1.77434  0.82113 -1.71932 B   129 
 2.09828  1.05102 -1.69361 E   129 
 1.50647  1.01742 -1.80699 B   130 
 1.54395  1.19729 -2.01160 D   130 
 1.28110  0.89394 -1.68046 B   131 
 0.97483  0.88610 -1.52128 B   132 
 0.79072  0.79507 -1.78090 N   132 
 1.10460  0.87258 -1.23609 B   133 
 1.03534  0.59643 -1.19524 I   133 
 1.38640  1.03160 -1.22016 B   134 
 1.59547  0.79557 -1.12325 L   134 
 1.23793  1.26462 -1.40957 B   135 
 0.96340  1.35401 -1.30945 B   136 
 1.13387  1.36636 -0.95782 H   136 
 0.68192  1.25666 -1.51581 B   137 
 1.02195  1.24234 -1.81413 K   137 
 0.46751  1.22901 -1.29920 B   138 
 0.53059  0.89150 -1.28608 L   138 
 0.16869  1.27309 -1.19886 B   139 
-0.05344  1.38972 -1.54007 E   139 
-0.03527  1.41916 -0.93213 B   140 
 0.06647  1.50927 -0.54051 Y   140 
-0.18800  1.11596 -0.92109 B   141 
-0.27780  1.21423 -1.17812 N   141 
-0.46755  0.85893 -0.91305 B   142 
-0.21172  0.59446 -0.71083 F   142 
-0.58150  0.55634 -0.97797 B   143 
-0.53719  0.63289 -1.31657 N   143 
-0.79271  0.29257 -1.01220 B   144 
-1.00983  0.42711 -0.90683 S   144 
-0.78527 -0.03874 -0.85773 B   145 
-0.44565  0.13769 -1.00443 H   145 
-0.70068 -0.39598 -0.86268 B   146 
-1.01741 -0.37243 -0.97466 N   146 
-0.65797 -0.65231 -0.61370 B   147 
-0.48572 -0.53067 -0.46386 V   147 
-0.53206 -0.97711 -0.65379 B   148 
-0.75466 -0.86255 -1.05081 Y   148 
-0.63368 -1.25206 -0.44996 B   149 
-0.61559 -1.07089 -0.19434 I   149 
-0.44902 -1.53474 -0.30558 B   150 
-0.42977 -1.66853 -0.52076 T   150 
-0.35864 -1.82373 -0.18746 B   151 
-0.51029 -1.91475 -0.05416 A   151 
-0.07141 -1.94267  0.03806 B   152 
 0.18274 -1.84224 -0.07806 D   152 
-0.01377 -2.23259  0.17036 B   153 
-0.13619 -2.37368  0.06207 K   153 
 0.29422 -2.25130  0.22884 B   154 
 0.38814 -2.28494  0.03737 Q   154 
 0.27610 -1.95190  0.39516 B   155 
 0.38570 -1.84155  0.27508 K   155 
 0.00385 -1.90616  0.52765 B   156 
-0.08082 -2.02533  0.75956 N   156 
-0.12287 -1.70257  0.30105 B   157 
-0.07284 -1.44620  0.05364 B   158 
-0.31818 -1.30605  0.12848 I   158 
-0.13574 -1.32206 -0.27640 B   159 
 0.22392 -1.61742 -0.39489 K   159 
-0.05631 -1.05478 -0.51848 B   160 
-0.19077 -0.93684 -0.38676 A   160 
-0.19374 -0.88989 -0.81877 B   161 
 0.00780 -1.15587 -0.88203 N   161 
-0.09458 -0.59076 -1.00807 B   162 
-0.15260 -0.44599 -0.68631 F   162 
-0.16069 -0.27946 -1.20350 B   163 
-0.02513 -0.55354 -1.55133 K   163 
-0.01499  0.02080 -1.22117 B   164 
-0.03928  0.09129 -0.93351 I   164 
-0.13112  0.35059 -1.33351 B   165 
-0.47029  0.17230 -1.49180 R   165 
 0.07947  0.61077 -1.44714 B   166 
 0.25499  0.50077 -1.09698 H   166 
 0.05819  0.92652 -1.51541 B   167 
-0.28066  0.93621 -1.55685 N   167 
 0.18826  1.11493 -1.77341 B   168 
 0.40664  0.95605 -1.83030 V   168 
 0.26432  1.43228 -1.88710 B   169 
 0.61705  1.55059 -1.76238 E   169 
 0.22905  1.32489 -2.20977 B   170 
 0.43847  1.16705 -2.24371 D   170 
-0.02425  1.09882 -2.17544 B   171 
 0.09795  0.86376 -2.07888 B   172 
 0.32355  0.83347 -2.17436 S   172 
 0.18213  0.52833 -1.93979 B   173 
-0.07245  0.48982 -1.86994 V   173 
 0.29891  0.39610 -1.62701 B   174 
 0.63742  0.39581 -1.60976 Q   174 
 0.38538  0.08231 -1.54450 B   175 
 0.14361 -0.04162 -1.76470 L   175 
 0.32286 -0.12770 -1.23621 B   176 
 0.41086  0.02553 -1.13308 A   176 
 0.42197 -0.42705 -1.13392 B   177 
 0.37199 -0.54008 -1.44833 D   177 
 0.26478 -0.63583 -0.88332 B   178 
 0.24901 -0.25455 -0.74066 H   178 
 0.42133 -0.83530 -0.62782 B   179 
 0.52934 -1.24614 -0.64021 Y   179 
 0.26298 -1.02355 -0.35698 B   180 
 0.04613 -0.73899 -0.18152 Q   180 
 0.33758 -1.09869  0.00140 B   181 
 0.59119 -1.36636 -0.18504 Q   181 
 0.17145 -1.26237  0.28397 B   182 
 0.03564 -0.95619  0.23542 N   182 
 0.26339 -1.30539  0.63617 B   183 
 0.43393 -1.49345  0.54233 T   183 
 0.22370 -1.42580  0.93533 B   184 
 0.05637 -1.54600  0.87160 P   184 
 0.35400 -1.37155  1.25138 B   185 
 0.45328 -1.07871  1.25194 I   185 
 0.12796 -1.53682  1.36547 B   186 
-0.18191 -1.56905  1.37111 B   187 
-0.20901 -1.75174  1.65573 D   187 
-0.41880 -1.67108  1.15459 B   188 
-0.64300 -1.80103  0.98026 B   189 
-0.64024 -1.65191  0.82116 P   189 
-0.82015 -2.08400  0.95659 B   190 
-0.99025 -2.13265  1.15041 V   190 
-0.87682 -1.97906  0.66620 B   191 
-1.14330 -2.19135  0.67453 L   191 
-0.80728 -1.92607  0.36067 B   192 
-0.45610 -1.96077  0.36931 L   192 
-0.87299 -1.74316  0.10362 B   193 
-0.77987 -1.56314  0.20019 P   193 
-1.04787 -1.67808 -0.15184 B   194 
-1.27624 -1.94363 -0.10934 D   194 
-1.08570 -1.55312 -0.43626 B   195 
-0.85562 -1.71702 -0.62795 N   195 
-1.01062 -1.19701 -0.46704 B   196 
-1.04488 -1.16803 -0.13415 H   196 
-1.06949 -0.83383 -0.42994 B   197 
-1.28251 -0.74550 -0.74406 Y   197 
-0.94919 -0.49843 -0.44385 B   198 
-0.82344 -0.56266 -0.12794 L   198 
-1.08661 -0.17394 -0.42928 B   199 
-1.27476 -0.14367 -0.59807 S   199 
-0.92555  0.12734 -0.54537 B   200 
-0.71736  0.02053 -0.47333 T   200 
-0.89968  0.47268 -0.41202 B   201 
-1.24904  0.36769 -0.51005 Q   201 
-0.72998  0.78834 -0.48253 B   202 
-0.54616  0.60349 -0.39148 S   202 
-0.61828  1.10394 -0.31438 B   203 
-0.85155  1.21049 -0.36741 V   203 
-0.41594  1.37292 -0.40244 B   204 
-0.19024  1.12394 -0.46795 L   204 
-0.24357  1.62323 -0.19777 B   205 
-0.46556  1.66332 -0.09520 S   205 
-0.18977  1.94813 -0.04082 B   206 
 0.15907  1.84434 -0.28535 K   206 
-0.02446  2.14149  0.20211 B   207 
-0.05788  2.10380  0.50395 D   207 
-0.02289  2.48244  0.22478 B   208 
-0.26521  2.44130  0.21846 P   208 
 0.15764  2.46585  0.52047 B   209 
-0.10095  2.63409  0.61250 N   209 
 0.38377  2.28591  0.36131 B   210 
 0.45398  2.02725  0.56610 E   210 
 0.73515  2.29181  0.29327 B   211 
 0.78671  2.46448  0.39541 K   211 
 0.76477  2.00879  0.27161 B   212 
 0.80498  1.89648  0.74712 R   212 
 0.79072  1.71837  0.13822 B   213 
 0.90218  1.64772 -0.16421 D   213 
 0.46127  1.59346  0.03171 B   214 
 0.31058  1.83961  0.16626 H   214 
 0.15362  1.38679  0.12194 B   215 
 0.14856  1.09796 -0.13594 M   215 
-0.18612  1.37731  0.06760 B   216 
-0.26954  1.57558  0.22900 V   216 
-0.41635  1.10915  0.17158 B   217 
-0.29413  0.86164  0.00074 L   217 
-0.69825  0.94263  0.01651 B   218 
-0.97459  1.07988  0.09902 L   218 
-0.87169  0.63069  0.09576 B   219 
-0.55580  0.39649 -0.03434 E   219 
-1.05824  0.36305 -0.08647 B   220 
-1.33242  0.66799  0.04864 F   220 
-1.15261  0.02832  0.03509 B   221 
-0.89724 -0.02538 -0.01444 V   221 
-1.26616 -0.27703 -0.11715 B   222 
-1.48463 -0.15043 -0.15221 T   222 
-1.43024 -0.58635 -0.13052 B   223 
-1.28963 -0.70211 -0.00339 A   223 
-1.44657 -0.85496 -0.38210 B   224 
-1.58491 -0.69148 -0.47286 A   224 
-1.56397 -1.16230 -0.58175 B   225 
-1.79269 -1.25832 -0.38550 B   226 
-1.59915 -1.44780 -0.22712 I   226 
-2.09553 -1.39952 -0.35600 B   227 
-2.16180 -1.43447 -0.59781 T   227 
-2.39250 -1.38413 -0.22101 B   228 
-2.54792 -1.23813  0.08265 H   228 
-2.61018 -1.62363 -0.11674 B   229 
