439 
 1.40475  1.55659 -0.65696 B   1 
 1.16298  1.52635 -0.64246 S   1 
 1.41687  1.43846 -0.35487 B   2 
 1.58727  1.54360  0.01691 K   2 
 1.52720  1.10212 -0.41769 B   3 
 1.47332  1.04271 -0.72544 B   4 
 1.25431  1.24969 -0.96844 E   4 
 1.75693  0.92185 -0.81067 B   5 
 1.82022  1.28007 -0.84948 E   5 
 1.69721  0.63701 -0.66483 B   6 
 1.80869  0.72619 -0.36318 L   6 
 1.45448  0.56625 -0.90467 B   7 
 1.26180  0.55855 -0.54487 F   7 
 1.60370  0.49665 -1.13998 B   8 
 1.76417  0.68512 -1.17787 T   8 
 1.46168  0.28529 -1.30868 B   9 
 1.49769 -0.03562 -1.17842 B   10 
 1.34796 -0.19356 -1.33024 V   10 
 1.36341 -0.15213 -0.86031 B   11 
 1.44855  0.06408 -0.73245 V   11 
 1.39144 -0.35212 -0.61035 B   12 
 1.59557 -0.42435 -0.71330 P   12 
 1.14655 -0.55836 -0.42444 B   13 
 0.94417 -0.32747 -0.48455 I   13 
 1.05714 -0.59814 -0.07107 B   14 
 1.24138 -0.83024  0.04670 L   14 
 0.81066 -0.79618  0.11373 B   15 
 0.62449 -0.62199  0.03025 V   15 
 0.70318 -0.79780  0.46702 B   16 
 1.05543 -1.02698  0.49475 E   16 
 0.45015 -0.98942  0.65230 B   17 
 0.17054 -0.85524  0.60390 L   17 
 0.29272 -0.97468  0.96889 B   18 
 0.58722 -1.13832  1.04601 D   18 
 0.00423 -1.14803  1.11051 B   19 
-0.31785 -1.08946  1.30119 B   20 
-0.29267 -1.23581  1.56453 D   20 
-0.64484 -1.23741  1.27765 B   21 
-0.69411 -1.09847  1.05997 V   21 
-0.83230 -1.32783  1.52150 B   22 
-1.10278 -1.17559  1.43660 N   22 
-0.56128 -1.52279  1.58647 B   23 
-0.44905 -1.53890  1.29333 B   24 
-0.80455 -1.69633  1.23537 H   24 
-0.14889 -1.64454  1.18569 B   25 
 0.06653 -1.60608  1.60230 K   25 
 0.07162 -1.47060  0.94270 B   26 
-0.18918 -1.31667  0.78883 F   26 
 0.26389 -1.47035  0.62558 B   27 
 0.45430 -1.46219  0.83311 S   27 
 0.42713 -1.24012  0.38741 B   28 
 0.19020 -1.20376  0.26660 V   28 
 0.59359 -1.25850  0.06215 B   29 
 1.08257 -1.32189  0.08921 R   29 
 0.76181 -1.01848 -0.15464 B   30 
 0.84620 -0.97411 -0.51176 B   31 
 1.15082 -1.22965 -0.36881 E   31 
 1.01374 -0.72161 -0.72822 B   32 
 0.93999 -0.41537 -0.92174 B   33 
 1.14686 -0.54911 -1.22110 E   33 
 1.02425 -0.06177 -0.99133 B   34 
 0.88792  0.22685 -1.19843 B   35 
 0.97705  0.22493 -1.47497 D   35 
 0.86449  0.54947 -1.11951 B   36 
 0.97147  0.56769 -0.93904 A   36 
 0.86460  0.70252 -1.39086 B   37 
 1.11123  0.73318 -1.47099 T   37 
 0.59194  0.51008 -1.46197 B   38 
 0.75223  0.45639 -1.73616 N   38 
 0.42995  0.40306 -1.20805 B   39 
 0.54280  0.09303 -1.18373 B   40 
 0.50700 -0.15222 -1.54184 K   40 
 0.43100 -0.23639 -1.05802 B   41 
 0.48536 -0.05780 -0.76105 L   41 
 0.58082 -0.56656 -0.97100 B   42 
 0.61270 -0.58253 -1.21485 T   42 
 0.43033 -0.84908 -0.79041 B   43 
 0.56966 -0.61720 -0.55875 L   43 
 0.48966 -1.13267 -0.56572 B   44 
 0.49376 -1.53233 -0.74439 K   44 
 0.28291 -1.31949 -0.34414 B   45 
 0.26686 -0.90092 -0.26278 F   45 
 0.32433 -1.51915 -0.03925 B   46 
 0.51522 -1.68282 -0.17287 I   46 
 0.21725 -1.76237  0.17879 B   47 
-0.00238 -1.73542  0.36152 C   47 
 0.43351 -1.89183  0.44191 B   48 
 0.59381 -1.71410  0.42439 T   48 
 0.18082 -2.03893  0.63610 B   49 
 0.20378 -1.84090  0.77292 T   49 
-0.02432 -2.09898  0.39604 B   50 
-0.32925 -2.00266  0.45263 B   51 
-0.47677 -2.14344  0.38622 K   51 
-0.50905 -1.73061  0.40520 B   52 
-0.36369 -1.44774  0.30154 L   52 
-0.73730 -1.57903  0.64309 B   53 
-0.53614 -1.58871  0.76649 P   53 
-0.76314 -1.36645  0.41175 B   54 
-0.73634 -1.18142  0.59562 V   54 
-0.82053 -1.16724  0.16267 B   55 
-1.05425 -1.19330  0.20465 P   55 
-0.60406 -1.04166 -0.05886 B   56 
-0.28559 -1.34568 -0.11820 W   56 
-0.73475 -0.75587 -0.11261 B   57 
-0.87121 -0.92251 -0.25972 P   57 
-0.70259 -0.65638  0.19779 B   58 
-0.85688 -0.81172  0.30958 T   58 
-0.36068 -0.62816  0.14587 B   59 
-0.33204 -0.89041  0.33935 L   59 
-0.27303 -0.43026 -0.07855 B   60 
-0.40683 -0.47694 -0.29752 V   60 
-0.22395 -0.15168  0.07663 B   61 
-0.46456 -0.07272  0.09790 T   61 
-0.00309 -0.27033  0.26898 B   62 
-0.13674 -0.35607  0.48108 T   62 
 0.20431 -0.39031  0.06196 B   63 
 0.10236 -0.71499  0.07510 L   63 
 0.11902 -0.25637 -0.26876 B   64 
 0.05166  0.07050 -0.06748 Z   64 
 0.37799  0.06382  0.08271 B   64 
-0.39693  0.16003 -0.32180 Y   64 
 0.50520  0.19295 -0.23208 B   65 
 0.62965 -0.01355 -0.22096 V   65 
 0.46081  0.52162 -0.28873 B   66 
 0.12073  0.54863 -0.06550 Q   66 
 0.75485  0.58359 -0.40952 B   67 
 0.89032  0.43049 -0.22790 C   67 
 0.64115  0.48195 -0.71276 B   68 
 0.89518  0.17048 -0.62667 F   68 
 0.52777  0.73581 -0.79706 B   69 
 0.31849  0.73886 -0.61422 S   69 
 0.40625  0.95536 -1.05162 B   70 
 0.44238  0.96238 -1.55741 R   70 
 0.52902  1.26689 -1.07466 B   71 
 0.42493  1.27590 -0.59872 Y   71 
 0.49145  1.55347 -1.19263 B   72 
 0.25142  1.50914 -1.20178 P   72 
 0.70208  1.79940 -1.27695 B   73 
 0.64706  1.86289 -1.56279 D   73 
 0.51633  2.02287 -1.09884 B   74 
 0.23221  2.01802 -1.24948 H   74 
 0.52759  1.80123 -0.82063 B   75 
 0.14895  1.72379 -0.85376 M   75 
 0.79553  1.68164 -0.70609 B   76 
 0.91145  1.50702 -1.05485 K   76 
 0.82866  1.82643 -0.41412 B   77 
 0.70758  2.21275 -0.30059 R   77 
 0.55554  1.65986 -0.30869 B   78 
 0.39038  2.00299 -0.40355 H   78 
 0.74496  1.40202 -0.26595 B   79 
 0.76632  1.17547 -0.44955 D   79 
 0.78381  1.24829  0.02744 B   80 
 0.69843  1.21916  0.36291 F   80 
 0.87135  0.95393 -0.01989 B   81 
 0.45169  0.88515 -0.04351 F   81 
 1.14794  1.01962 -0.16502 B   82 
 1.00025  0.91759 -0.56887 K   82 
 1.25391  1.24036  0.03959 B   83 
 1.11561  1.44700 -0.06100 S   83 
 1.30594  0.99784  0.26886 B   84 
 1.12627  0.99964  0.35607 A   84 
 1.53983  0.90368  0.10923 B   85 
 1.30661  0.59972  0.04550 M   85 
 1.69191  0.61398  0.22663 B   86 
 1.89001  0.70208  0.13209 P   86 
 1.59059  0.59108  0.52590 B   87 
 1.80360  0.91120  0.69836 E   87 
 1.28375  0.66138  0.52516 B   88 
 0.95590  0.53666  0.64532 B   89 
 0.76221  0.60106  0.30950 Y   89 
 0.66933  0.55671  0.83501 B   90 
 0.74021  0.47786  1.08119 V   90 
 0.37252  0.34290  0.80892 B   91 
 0.25532  0.36278  0.43051 Q   91 
 0.04200  0.41519  0.92173 B   92 
 0.23738  0.47540  1.28404 E   92 
-0.26735  0.22153  0.99610 B   93 
-0.22066  0.25716  0.45751 R   93 
-0.62450  0.24038  0.97175 B   94 
-0.66413  0.27985  1.23576 T   94 
-0.86033 -0.01565  0.89362 B   95 
-0.70045 -0.07602  0.63908 I   95 
-1.21028  0.02021  0.82209 B   96 
-1.19813  0.16971  1.04154 S   96 
-1.45270 -0.21078  0.80758 B   97 
-1.14658 -0.43264  0.60910 F   97 
-1.75937 -0.20003  0.72403 B   98 
-2.04206  0.09673  0.55896 K   98 
-1.92574 -0.37661  0.95771 B   99 
-2.20441 -0.40412  0.96325 D   99 
-1.63573 -0.45539  1.07827 B   100 
-1.61849 -0.75864  0.90755 D   100 
-1.32132 -0.47783  1.10514 B   101 
-0.96746 -0.41061  1.19841 B   102 
-1.04875 -0.16246  1.27874 T   102 
-0.66600 -0.25889  1.08809 B   103 
-0.69686 -0.62982  0.76920 Y   103 
-0.33046 -0.25487  1.20874 B   104 
-0.25988 -0.00402  1.53948 K   104 
-0.04531 -0.06580  1.08501 B   105 
-0.12086 -0.15633  0.86405 T   105 
 0.31993 -0.11656  1.04960 B   106 
 0.62655  0.10681  1.33943 R   106 
 0.58122  0.04688  0.85888 B   107 
 0.49079 -0.07300  0.69358 A   107 
 0.89246  0.00949  0.67467 B   108 
 1.08165  0.07900  1.05077 E   108 
 1.04511  0.22575  0.43116 B   109 
 0.84243  0.19479  0.26670 V   109 
 1.34921  0.11984  0.26598 B   110 
 1.43555  0.11894  0.66138 K   110 
 1.67920  0.09358  0.20824 B   111 
 1.62694  0.26476 -0.19129 F   111 
 1.86198 -0.21345  0.11647 B   112 
 1.66105 -0.39721  0.42754 E   112 
 2.05855 -0.10238 -0.05723 B   113 
 1.90252 -0.15641 -0.37662 B   114 
 2.19931 -0.13135 -0.50816 D   114 
 1.65102 -0.22271 -0.19548 B   115 
 1.63081 -0.48306 -0.25739 T   115 
 1.31210 -0.19320 -0.15920 B   116 
 1.16868  0.06974 -0.17244 L   116 
 1.15924 -0.19641  0.16577 B   117 
 1.31322 -0.41182  0.22683 V   117 
 0.86398 -0.36983  0.31902 B   118 
 0.60926 -0.21625  0.27839 N   118 
 0.79074 -0.36667  0.66647 B   119 
 1.23786 -0.61840  0.61842 R   119 
 0.52176 -0.55488  0.83563 B   120 
 0.36964 -0.42743  0.61389 I   120 
 0.25213 -0.50098  1.07424 B   121 
 0.57684 -0.47906  1.25792 E   121 
-0.05286 -0.69119  1.14990 B   122 
-0.23920 -0.66955  0.90121 L   122 
-0.37008 -0.61633  1.31308 B   123 
-0.34541 -0.71525  1.74504 K   123 
-0.66754 -0.80316  1.35454 B   124 
-1.00363 -0.69865  1.46154 B   125 
-0.86704 -0.56683  1.68094 I   125 
-1.34546 -0.77844  1.49821 B   126 
-1.28886 -0.59769  1.75191 D   126 
-1.42827 -0.99844  1.31321 B   127 
-1.15101 -0.81335  1.03736 F   127 
-1.68894 -1.14865  1.15459 B   128 
-1.99504 -0.89440  1.03465 K   128 
-1.87681 -1.40981  1.12633 B   129 
-1.88894 -1.77155  1.29198 E   129 
-1.96777 -1.43657  0.79620 B   130 
-2.18949 -1.58877  0.73876 D   130 
-1.81900 -1.23139  0.66273 B   131 
-1.64400 -1.08900  0.40139 B   132 
-1.88435 -0.89195  0.28743 N   132 
-1.36592 -1.17165  0.52054 B   133 
-1.29670 -0.90362  0.59858 I   133 
-1.37917 -1.45038  0.68512 B   134 
-1.27235 -1.36113  0.98418 L   134 
-1.58086 -1.55751  0.44005 B   135 
-1.47505 -1.50849  0.15759 B   136 
-1.13536 -1.64059  0.29907 H   136 
-1.65678 -1.26315 -0.03753 B   137 
-1.96992 -1.38870  0.26413 K   137 
-1.42766 -1.15537 -0.20941 B   138 
-1.38739 -0.89737  0.01393 L   138 
-1.31626 -1.05526 -0.49026 B   139 
-1.65457 -1.00966 -0.74094 E   139 
-1.05356 -1.10754 -0.73992 B   140 
-0.67754 -1.27664 -0.69685 Y   140 
-1.00719 -0.77160 -0.72065 B   141 
-1.26701 -0.78476 -0.84754 N   141 
-0.96134 -0.41207 -0.83429 B   142 
-0.74966 -0.33257 -0.48051 F   142 
-0.99259 -0.08801 -0.78173 B   143 
-1.33858 -0.14060 -0.78161 N   143 
-0.99175  0.24778 -0.83281 B   144 
-0.88780  0.22882 -1.08812 S   144 
-0.80855  0.51332 -0.66076 B   145 
-0.98813  0.20784 -0.45480 H   145 
-0.78557  0.77951 -0.40892 B   146 
-0.88254  0.92837 -0.69501 N   146 
-0.51699  0.95307 -0.24381 B   147 
-0.38797  0.74701 -0.15542 V   147 
-0.53406  1.17443  0.02760 B   148 
-0.92765  1.22787 -0.22246 Y   148 
-0.30117  1.44050  0.07703 B   149 
-0.06428  1.24876  0.00213 I   149 
-0.14165  1.57712  0.37826 B   150 
-0.34456  1.70526  0.46181 T   150 
-0.00276  1.76877  0.60099 B   151 
 0.14597  1.90865  0.51515 A   151 
 0.21730  1.70488  0.90921 B   152 
 0.07946  1.50416  1.07913 D   152 
 0.37209  1.91214  1.10405 B   153 
 0.28354  2.10584  1.06855 K   153 
 0.41587  1.76904  1.38016 B   154 
 0.22358  1.77132  1.47832 Q   154 
 0.55514  1.50279  1.21481 B   155 
 0.42002  1.36578  1.25457 K   155 
 0.69698  1.58489  0.95614 B   156 
 0.94282  1.70542  0.94238 N   156 
 0.45982  1.49618  0.74463 B   157 
 0.18797  1.27632  0.65981 B   158 
 0.26252  1.26975  0.37726 I   158 
-0.14822  1.23513  0.54328 B   159 
-0.25812  1.32313  1.00242 K   159 
-0.41730  0.99069  0.47847 B   160 
-0.28995  0.94220  0.30306 A   160 
-0.72369  0.94834  0.27702 B   161 
-0.77306  1.08387  0.58453 N   161 
-0.94419  0.66116  0.21338 B   162 
-0.63425  0.53170  0.09077 F   162 
-1.16326  0.44629  0.00052 B   163 
-1.49146  0.65131  0.25494 K   163 
-1.21559  0.11706 -0.02337 B   164 
-0.93462  0.03838 -0.07965 I   164 
-1.35109 -0.09754 -0.28880 B   165 
-1.47468  0.24117 -0.49345 R   165 
-1.49862 -0.41448 -0.23646 B   166 
-1.14959 -0.44355 -0.02946 H   166 
-1.59396 -0.66874 -0.41273 B   167 
-1.61837 -0.50431 -0.71105 N   167 
-1.87438 -0.86875 -0.39425 B   168 
-1.92800 -0.83452 -0.12569 V   168 
-2.02013 -1.16805 -0.48700 B   169 
-1.92521 -1.45834 -0.24064 E   169 
-2.32948 -1.02431 -0.46387 B   170 
-2.35989 -0.98892 -0.20359 D   170 
-2.26167 -0.70725 -0.57025 B   171 
-2.15075 -0.57560 -0.34692 B   172 
-2.25475 -0.65169 -0.13638 S   172 
-1.98648 -0.34305 -0.10634 B   173 
-1.90024 -0.19062 -0.30759 V   173 
-1.66954 -0.31987  0.06090 B   174 
-1.67003 -0.48971  0.35423 Q   174 
-1.56361 -0.10119  0.29264 B   175 
-1.75878  0.14875  0.14519 L   175 
-1.23475  0.07860  0.34347 B   176 
-1.15064 -0.10791  0.34309 A   176 
-1.11111  0.27650  0.57894 B   177 
-1.41097  0.43153  0.59215 D   177 
-0.83480  0.50830  0.54716 B   178 
-0.72659  0.17283  0.34291 H   178 
-0.57082  0.57562  0.78245 B   179 
-0.55162  0.87710  1.08136 Y   179 
-0.27617  0.78821  0.73940 B   180 
-0.11610  0.63257  0.40934 Q   180 
 0.08315  0.77841  0.84157 B   181 
-0.09130  0.90237  1.19502 Q   181 
 0.38765  0.97247  0.77950 B   182 
 0.31876  0.78133  0.50883 N   182 
 0.73702  0.92705  0.88063 B   183 
 0.65180  1.01406  1.12234 T   183 
 1.04750  1.01926  0.90645 B   184 
 1.00373  1.21264  0.82160 P   184 
 1.35012  0.87475  0.99218 B   185 
 1.31900  0.57309  0.93178 I   185 
 1.49033  1.11756  0.87902 B   186 
 1.51503  1.29878  0.62674 B   187 
 1.81603  1.43988  0.69459 D   187 
 1.32129  1.52704  0.47257 B   188 
 1.17137  1.76863  0.34335 B   189 
 0.99951  1.65543  0.27120 P   189 
 1.18267  2.10292  0.33136 B   190 
 1.38872  2.20914  0.20836 V   190 
 0.88733  2.07102  0.22983 B   191 
 0.92874  2.38548  0.10514 L   191 
 0.57505  2.02271  0.26357 B   192 
 0.56846  1.87712  0.58507 L   192 
 0.30629  1.92467  0.11523 B   193 
 0.38119  1.71323  0.10590 P   193 
 0.05548  1.98223 -0.06876 B   194 
 0.13368  2.32005 -0.13382 D   194 
-0.23672  1.92310 -0.16399 B   195 
-0.42455  1.96992  0.11722 N   195 
-0.30347  1.58225 -0.27697 B   196 
 0.02678  1.53955 -0.32112 H   196 
-0.29634  1.29481 -0.50949 B   197 
-0.60562  1.35743 -0.73814 Y   197 
-0.34679  0.94755 -0.57295 B   198 
-0.03336  0.90738 -0.43193 L   198 
-0.35448  0.73484 -0.85417 B   199 
-0.51526  0.81992 -1.03226 S   199 
-0.50560  0.40738 -0.86527 B   200 
-0.43515  0.38837 -0.63157 T   200 
-0.40556  0.08313 -1.01550 B   201 
-0.47533  0.35748 -1.26560 Q   201 
-0.51309 -0.26577 -1.02630 B   202 
-0.41542 -0.20744 -0.77469 S   202 
-0.38024 -0.61071 -1.08731 B   203 
-0.43044 -0.58098 -1.34261 V   203 
-0.50272 -0.93379 -1.04651 B   204 
-0.55712 -0.82469 -0.72658 L   204 
-0.33080 -1.25647 -1.02234 B   205 
-0.22083 -1.19135 -1.23465 S   205 
-0.20691 -1.57945 -1.13815 B   206 
-0.45892 -1.63794 -0.78414 K   206 
 0.00858 -1.85356 -1.09163 B   207 
 0.31392 -1.83601 -1.10174 D   207 
 0.00020 -2.15040 -1.26070 B   208 
 0.01029 -1.99383 -1.45001 P   208 
 0.28635 -2.25673 -1.09605 B   209 
 0.37616 -2.28270 -1.40411 N   209 
 0.13254 -2.19753 -0.81025 B   210 
 0.35593 -2.03102 -0.62015 E   210 
 0.04599 -2.37019 -0.50887 B   211 
 0.12926 -2.55522 -0.55052 K   211 
 0.04850 -2.13887 -0.34174 B   212 
 0.52948 -2.11177 -0.25078 R   212 
-0.05924 -1.88768 -0.17410 B   213 
-0.35944 -1.85065 -0.04224 D   213 
-0.13667 -1.60518 -0.39699 B   214 
-0.01726 -1.75635 -0.65055 H   214 
-0.01218 -1.28364 -0.56015 B   215 
-0.24227 -1.00540 -0.42016 M   215 
-0.04763 -1.10090 -0.84966 B   216 
 0.09930 -1.24708 -1.02102 V   216 
 0.09205 -0.76633 -0.91502 B   217 
-0.06185 -0.59605 -0.68544 L   217 
-0.03239 -0.46656 -1.07594 B   218 
 0.05167 -0.45602 -1.38389 L   218 
 0.08369 -0.11992 -1.07023 B   219 
-0.04101 -0.06164 -0.67957 E   219 
-0.06360  0.22239 -1.09802 B   220 
 0.05750  0.08192 -1.48792 F   220 
 0.09250  0.54493 -1.01244 B   221 
 0.03477  0.46942 -0.76442 V   221 
-0.02536  0.88030 -0.95815 B   222 
-0.06027  0.88352 -1.21065 T   222 
-0.00211  1.22970 -0.94565 B   223 
 0.12745  1.24624 -0.76600 A   223 
-0.22717  1.49546 -0.82552 B   224 
-0.32499  1.43291 -1.02706 A   224 
-0.39180  1.83942 -0.77358 B   225 
-0.17600  2.01533 -0.92368 B   226 
-0.01144  2.06579 -0.66133 I   226 
-0.11808  2.28443 -1.11539 B   227 
-0.35195  2.37273 -1.15531 T   227 
 0.03029  2.40470 -1.38028 B   228 
 0.32719  2.32450 -1.58788 H   228 
 0.16701  2.70833 -1.44911 B   229 
