439 
-0.67956 -2.08507 -0.13631 B   1 
-0.57810 -1.91852 -0.28308 S   1 
-0.45757 -1.99657  0.08335 B   2 
-0.17363 -2.18173  0.33515 K   2 
-0.65548 -1.78929  0.30042 B   3 
-0.91766 -1.70961  0.13901 B   4 
-0.97867 -1.74839 -0.24129 E   4 
-1.14172 -1.77851  0.35663 B   5 
-1.09563 -2.10554  0.19928 E   5 
-1.07500 -1.51293  0.53266 B   6 
-0.83264 -1.65056  0.71622 L   6 
-1.20532 -1.31307  0.27866 B   7 
-0.81805 -1.19354  0.32747 F   7 
-1.48991 -1.34448  0.30097 B   8 
-1.53223 -1.59128  0.29856 T   8 
-1.64070 -1.09003  0.22466 B   9 
-1.63679 -0.85153  0.47834 B   10 
-1.75414 -0.63577  0.37788 V   10 
-1.34124 -0.67831  0.60260 B   11 
-1.20140 -0.90326  0.61616 V   11 
-1.19491 -0.53294  0.84900 B   12 
-1.38786 -0.59448  0.97733 P   12 
-0.99547 -0.22212  0.87532 B   13 
-0.89780 -0.29000  0.58596 I   13 
-0.66498 -0.13734  1.00961 B   14 
-0.70574 -0.05781  1.31570 L   14 
-0.46346  0.16777  1.03008 B   15 
-0.40925  0.13624  0.76924 V   15 
-0.11451  0.23230  1.13224 B   16 
-0.30035  0.21071  1.50956 E   16 
 0.09196  0.53606  1.14511 B   17 
 0.20259  0.59182  0.85669 L   17 
 0.43414  0.61670  1.18559 B   18 
 0.33371  0.57604  1.51379 D   18 
 0.62252  0.92652  1.14247 B   19 
 0.93515  1.06845  0.98233 B   20 
 1.11000  1.17209  1.20612 D   20 
 1.00354  1.38032  0.81671 B   21 
 0.87580  1.29683  0.60264 V   21 
 1.26396  1.56368  0.85331 B   22 
 1.34459  1.59945  0.54385 N   22 
 1.15329  1.56215  1.17492 B   23 
 0.84929  1.50919  1.11517 B   24 
 0.89661  1.84548  0.91721 H   24 
 0.60361  1.41824  1.32544 B   25 
 0.88856  1.26058  1.66513 K   25 
 0.35512  1.14788  1.26994 B   26 
 0.37260  1.17659  0.93192 F   26 
 0.00279  1.03464  1.24597 B   27 
 0.10789  0.91616  1.47901 S   27 
-0.20182  0.75239  1.12410 B   28 
-0.19992  0.86220  0.87916 V   28 
-0.55623  0.66939  1.08745 B   29 
-0.74922  0.43331  1.47588 R   29 
-0.74146  0.37630  0.97479 B   30 
-1.07182  0.29076  0.83277 B   31 
-1.14636  0.31850  1.24773 E   31 
-1.25282 -0.01203  0.71343 B   32 
-1.30056 -0.21649  0.40915 B   33 
-1.68280 -0.22990  0.47248 E   33 
-1.29095 -0.55211  0.25345 B   34 
-1.33032 -0.70554 -0.09251 B   35 
-1.60643 -0.75640 -0.16735 D   35 
-1.15766 -0.95278 -0.23365 B   36 
-1.03929 -1.03037 -0.07771 A   36 
-1.34771 -1.07672 -0.44713 B   37 
-1.50785 -1.24647 -0.32999 T   37 
-1.35557 -0.76079 -0.57582 B   38 
-1.67363 -0.81159 -0.57328 N   38 
-1.10161 -0.57896 -0.50790 B   39 
-1.21733 -0.39444 -0.25889 B   40 
-1.58507 -0.17502 -0.33824 K   40 
-1.16009 -0.06219 -0.10673 B   41 
-0.87239 -0.23859 -0.01103 L   41 
-1.24238  0.11691  0.20978 B   42 
-1.47115  0.11106  0.11831 T   42 
-1.10816  0.43396  0.33840 B   43 
-0.89574  0.16449  0.43387 L   43 
-1.02094  0.62857  0.63665 B   44 
-1.29482  0.94949  0.75356 K   44 
-0.80034  0.90126  0.69764 B   45 
-0.60035  0.57205  0.51407 F   45 
-0.61176  1.03850  0.98072 B   46 
-0.85280  1.05872  1.13096 I   46 
-0.45112  1.29825  1.13849 B   47 
-0.19611  1.40555  1.06224 C   47 
-0.34878  1.27594  1.48747 B   48 
-0.37655  1.03793  1.50059 T   48 
-0.12164  1.54349  1.48236 B   49 
 0.04577  1.36979  1.46609 T   49 
-0.26421  1.71260  1.24915 B   50 
-0.06355  1.81388  1.01475 B   51 
-0.10277  2.01447  0.94982 K   51 
 0.04808  1.69943  0.72661 B   52 
-0.01734  1.38512  0.63268 L   52 
 0.39098  1.71097  0.60848 B   53 
 0.41363  1.60060  0.81607 P   53 
 0.26358  1.55412  0.36651 B   54 
 0.46636  1.38869  0.38308 V   54 
 0.12964  1.42664  0.10038 B   55 
 0.25288  1.58509 -0.02913 P   55 
-0.11284  1.19778  0.07739 B   56 
-0.38242  1.25659  0.42559 W   56 
-0.02253  1.04336 -0.18650 B   57 
-0.14371  1.25836 -0.27088 P   57 
 0.26252  0.94400 -0.05939 B   58 
 0.37608  1.16038 -0.03255 T   58 
 0.08756  0.72023  0.13987 B   59 
 0.16644  0.91560  0.39014 L   59 
-0.08407  0.50856 -0.01163 B   60 
-0.23330  0.62494 -0.19113 V   60 
 0.11236  0.25435 -0.04142 B   61 
 0.25131  0.33187 -0.23956 T   61 
 0.15472  0.22057  0.26990 B   62 
 0.36726  0.36852  0.32594 T   62 
-0.14372  0.19573  0.37277 B   63 
-0.18655  0.51834  0.47313 L   63 
-0.35626  0.13744  0.07948 B   64 
-0.05862 -0.08741 -0.03342 Z   64 
-0.06250 -0.27377  0.27375 B   64 
-0.07109  0.10375 -0.52048 Y   64 
-0.34861 -0.45305  0.13976 B   65 
-0.45002 -0.35911  0.33762 V   65 
-0.28309 -0.69289 -0.08693 B   66 
 0.05572 -0.51485 -0.22735 Q   66 
-0.48842 -0.91586  0.02718 B   67 
-0.43094 -0.87157  0.29083 C   67 
-0.73492 -0.76684 -0.15240 B   68 
-0.85468 -0.66412  0.22715 F   68 
-0.68744 -0.90561 -0.40319 B   69 
-0.44355 -0.78506 -0.45995 S   69 
-0.79419 -1.01186 -0.72735 B   70 
-1.24477 -1.03885 -0.95851 R   70 
-0.77223 -1.33607 -0.81138 B   71 
-0.31531 -1.28212 -0.65092 Y   71 
-0.77495 -1.54588 -1.04253 B   72 
-0.69882 -1.36895 -1.19273 P   72 
-0.86088 -1.86866 -1.06225 B   73 
-1.06749 -1.88773 -1.27604 D   73 
-0.56581 -1.94028 -1.21707 B   74 
-0.58276 -1.76939 -1.48902 H   74 
-0.39458 -1.76752 -0.95728 B   75 
-0.29288 -1.48235 -1.19976 M   75 
-0.43892 -1.82821 -0.65140 B   76 
-0.83918 -1.75511 -0.65570 K   76 
-0.15691 -1.96479 -0.55587 B   77 
 0.10394 -2.20618 -0.78054 R   77 
-0.00410 -1.66949 -0.60977 B   78 
 0.08143 -1.85006 -0.94754 H   78 
-0.11950 -1.57220 -0.32445 B   79 
-0.35374 -1.40148 -0.28600 D   79 
 0.07367 -1.47061 -0.07229 B   80 
 0.39016 -1.39681  0.05044 F   80 
-0.08926 -1.28390  0.11518 B   81 
 0.03982 -0.98163 -0.15570 F   81 
-0.30751 -1.49962  0.20299 B   82 
-0.62750 -1.33033 -0.05052 K   82 
-0.10829 -1.74046  0.26722 B   83 
-0.07872 -1.82639  0.01485 S   83 
-0.00208 -1.57479  0.54173 B   84 
 0.14665 -1.47065  0.45853 A   84 
-0.26260 -1.63609  0.67372 B   85 
-0.31281 -1.25310  0.63313 M   85 
-0.30761 -1.49106  0.98642 B   86 
-0.44371 -1.67878  1.03312 P   86 
-0.01418 -1.41294  1.07672 B   87 
 0.14311 -1.79711  1.14930 E   87 
 0.12995 -1.28949  0.82557 B   88 
 0.32996 -0.99589  0.71939 B   89 
 0.13641 -0.93421  0.38297 Y   89 
 0.61604 -0.84367  0.60323 B   90 
 0.77739 -0.82149  0.81612 V   90 
 0.65065 -0.49625  0.49101 B   91 
 0.37620 -0.44351  0.20956 Q   91 
 0.90329 -0.36048  0.27903 B   92 
 1.15572 -0.52396  0.56646 E   92 
 1.03590 -0.02197  0.19801 B   93 
 0.56106 -0.07832 -0.05672 R   93 
 1.16481  0.17267 -0.07403 B   94 
 1.42107  0.16406  0.01014 T   94 
 1.11728  0.51840 -0.14805 B   95 
 0.81442  0.47324 -0.13258 I   95 
 1.20743  0.69504 -0.44728 B   96 
 1.43650  0.56698 -0.40511 S   96 
 1.22501  1.02440 -0.50685 B   97 
 0.86409  1.02397 -0.27869 F   97 
 1.27986  1.19592 -0.76899 B   98 
 1.33849  1.12192 -1.20064 K   98 
 1.49762  1.43660 -0.67886 B   99 
 1.60705  1.62262 -0.85736 D   99 
 1.46156  1.32991 -0.37527 B   100 
 1.21760  1.56511 -0.29424 D   100 
 1.35106  1.16330 -0.13010 B   101 
 1.30845  0.90096  0.13028 B   102 
 1.48385  0.74797 -0.01279 T   102 
 1.13558  0.60102  0.20915 B   103 
 0.76287  0.91923  0.21683 Y   103 
 1.10552  0.40059  0.50254 B   104 
 1.43714  0.15620  0.58973 K   104 
 0.93862  0.08002  0.54427 B   105 
 0.75120  0.19764  0.42692 T   105 
 0.74529 -0.09357  0.80832 B   106 
 0.93792 -0.45445  1.05443 R   106 
 0.52249 -0.37938  0.81288 B   107 
 0.38067 -0.22927  0.72786 A   107 
 0.22607 -0.53207  0.95788 B   108 
 0.49568 -0.69945  1.24315 E   108 
 0.01702 -0.79680  0.83303 B   109 
-0.05253 -0.65265  0.62453 V   109 
-0.28017 -0.88985  1.01742 B   110 
 0.02706 -0.93981  1.27609 K   110 
-0.47138 -1.06254  1.23314 B   111 
-0.74591 -1.17038  0.90964 F   111 
-0.71504 -0.92155  1.47158 B   112 
-0.41839 -0.65476  1.57984 E   112 
-0.91232 -1.12697  1.46594 B   113 
-1.14169 -0.99161  1.22440 B   114 
-1.36828 -1.18632  1.35383 D   114 
-0.90257 -0.79013  1.17249 B   115 
-1.02456 -0.56762  1.25986 T   115 
-0.72540 -0.61482  0.93812 B   116 
-0.60155 -0.74328  0.69720 L   116 
-0.38308 -0.52234  0.99514 B   117 
-0.45581 -0.43855  1.24319 V   117 
-0.18191 -0.20849  0.95312 B   118 
-0.06892 -0.18306  0.67616 N   118 
 0.14953 -0.16795  1.07393 B   119 
-0.14693 -0.22707  1.49131 R   119 
 0.34950  0.14243  1.06582 B   120 
 0.25647  0.12867  0.78349 I   120 
 0.68104  0.25731  0.96876 B   121 
 0.71522  0.04878  1.27698 E   121 
 0.81402  0.59046  0.88968 B   122 
 0.68039  0.68242  0.62374 L   122 
 1.10566  0.71634  0.71090 B   123 
 1.44068  0.78194  0.99451 K   123 
 1.20696  1.04233  0.61827 B   124 
 1.46628  1.15530  0.38309 B   125 
 1.63979  0.96841  0.52143 I   125 
 1.61286  1.42076  0.20250 B   126 
 1.86280  1.24128  0.27704 D   126 
 1.42146  1.64740  0.16393 B   127 
 1.12484  1.33466  0.12609 F   127 
 1.34539  1.92210 -0.02160 B   128 
 1.44007  1.89626 -0.42545 K   128 
 1.32013  2.24381 -0.03448 B   129 
 1.36215  2.54364  0.22394 E   129 
 1.06316  2.31886 -0.24966 B   130 
 1.05836  2.57230 -0.35630 D   130 
 0.94772  2.06541 -0.31657 B   131 
 0.69246  1.84732 -0.39709 B   132 
 0.74892  1.82913 -0.72276 N   132 
 0.65887  1.75078 -0.10059 B   133 
 0.77725  1.49325 -0.14946 I   133 
 0.72482  1.98410  0.11426 B   134 
 0.96684  1.84916  0.29323 L   134 
 0.56268  2.18929 -0.09509 B   135 
 0.28968  2.08739 -0.18713 B   136 
 0.23596  1.99466  0.18886 H   136 
 0.26633  1.99567 -0.53689 B   137 
 0.61733  2.28132 -0.54159 K   137 
 0.05649  1.77379 -0.51714 B   138 
 0.30945  1.54141 -0.50853 L   138 
-0.20236  1.62729 -0.63045 B   139 
-0.26921  1.78918 -1.01606 E   139 
-0.54020  1.51516 -0.54460 B   140 
-0.70471  1.43099 -0.17353 Y   140 
-0.44352  1.21610 -0.67343 B   141 
-0.45218  1.37943 -0.91225 N   141 
-0.45478  0.89825 -0.88109 B   142 
-0.21066  0.70958 -0.59633 F   142 
-0.30136  0.65444 -1.04162 B   143 
-0.17678  0.90032 -1.25724 N   143 
-0.24723  0.38226 -1.23746 B   144 
-0.51595  0.33647 -1.28262 S   144 
-0.09428  0.05977 -1.15819 B   145 
 0.06693  0.41250 -1.02558 H   145 
 0.19277 -0.16907 -1.15162 B   146 
 0.02799 -0.23256 -1.43837 N   146 
 0.27815 -0.46731 -0.96919 B   147 
 0.24192 -0.37640 -0.72972 V   147 
 0.58517 -0.63634 -0.95809 B   148 
 0.54352 -0.44831 -1.38611 Y   148 
 0.61198 -0.98848 -0.90558 B   149 
 0.39493 -0.97257 -0.67946 I   149 
 0.84849 -1.19272 -0.71270 B   150 
 1.04058 -1.17713 -0.87831 T   150 
 1.04153 -1.42937 -0.60153 B   151 
 0.94815 -1.62996 -0.61143 A   151 
 1.20066 -1.50696 -0.26071 B   152 
 1.34457 -1.26353 -0.17018 D   152 
 1.36771 -1.76559 -0.16029 B   153 
 1.42973 -1.87029 -0.33866 K   153 
 1.54705 -1.67550  0.08127 B   154 
 1.71050 -1.56433 -0.00555 Q   154 
 1.26925 -1.54196  0.23168 B   155 
 1.31807 -1.35169  0.22659 K   155 
 1.01201 -1.69178  0.15994 B   156 
 0.93608 -1.93378  0.26399 N   156 
 0.89869 -1.48066 -0.06686 B   157 
 0.87056 -1.14302 -0.18788 B   158 
 0.59379 -1.18156 -0.27357 I   158 
 0.89352 -0.91214 -0.46076 B   159 
 1.36146 -0.91868 -0.35296 K   159 
 0.87438 -0.55624 -0.55731 B   160 
 0.65671 -0.59187 -0.53111 A   160 
 0.81141 -0.34194 -0.85119 B   161 
 1.13752 -0.42253 -0.80099 N   161 
 0.76106  0.01999 -0.89137 B   162 
 0.49145 -0.05743 -0.66962 F   162 
 0.60217  0.32256 -1.04197 B   163 
 1.01552  0.34960 -1.24906 K   163 
 0.50586  0.61968 -0.92304 B   164 
 0.32035  0.51820 -0.71426 I   164 
 0.26772  0.87291 -1.04150 B   165 
 0.24006  0.67146 -1.40280 R   165 
 0.27956  1.21605 -0.95742 B   166 
 0.30910  1.03447 -0.59455 H   166 
 0.09073  1.47777 -0.98297 B   167 
-0.10941  1.35904 -1.23292 N   167 
 0.16136  1.80440 -1.06845 B   168 
 0.42569  1.80825 -0.98914 V   168 
 0.05201  2.13220 -1.06464 B   169 
 0.14164  2.31132 -0.72721 E   169 
 0.23943  2.19771 -1.34299 B   170 
 0.48753  2.18698 -1.25216 D   170 
 0.21308  1.90131 -1.51001 B   171 
 0.40032  1.72965 -1.38761 B   172 
 0.60234  1.85236 -1.31649 S   172 
 0.61058  1.44499 -1.27055 B   173 
 0.44622  1.27094 -1.38832 V   173 
 0.63402  1.24000 -0.97664 B   174 
 0.83832  1.37773 -0.74388 Q   174 
 0.85615  1.00084 -0.89783 B   175 
 0.88088  0.91330 -1.23550 L   175 
 0.81999  0.66212 -0.73346 B   176 
 0.73082  0.76359 -0.57980 A   176 
 1.03209  0.42937 -0.62979 B   177 
 1.21039  0.48016 -0.91220 D   177 
 0.96094  0.07943 -0.57004 B   178 
 0.64167  0.28723 -0.42562 H   178 
 1.07772 -0.13014 -0.30166 B   179 
 1.41743 -0.38531 -0.29217 Y   179 
 0.98374 -0.47531 -0.22491 B   180 
 0.58740 -0.44351 -0.19858 Q   180 
 0.92400 -0.67854  0.08295 B   181 
 1.33710 -0.67627  0.07436 Q   181 
 0.80412 -1.01452  0.16652 B   182 
 0.54140 -0.81942  0.08018 N   182 
 0.73704 -1.18307  0.48501 B   183 
 1.00641 -1.20336  0.50188 T   183 
 0.66091 -1.44015  0.66856 B   184 
 0.66199 -1.57089  0.49705 P   184 
 0.57027 -1.50106  0.99701 B   185 
 0.44188 -1.23871  1.09852 I   185 
 0.48693 -1.77993  0.91511 B   186 
 0.31174 -1.94111  0.71406 B   187 
 0.29023 -2.23216  0.88709 D   187 
 0.32370 -2.01195  0.38505 B   188 
 0.34345 -2.11933  0.09244 B   189 
 0.31721 -1.92675 -0.00645 P   189 
 0.42677 -2.39644 -0.07575 B   190 
 0.26813 -2.60349 -0.04693 V   190 
 0.44892 -2.19707 -0.31724 B   191 
 0.41663 -2.47585 -0.51060 L   191 
 0.59025 -1.97446 -0.49460 B   192 
 0.82855 -1.85274 -0.26437 L   192 
 0.54168 -1.73721 -0.70721 B   193 
 0.44115 -1.61016 -0.55179 P   193 
 0.50072 -1.63640 -1.00425 B   194 
 0.51205 -1.95570 -1.15390 D   194 
 0.51905 -1.41685 -1.22652 B   195 
 0.85232 -1.34431 -1.24135 N   195 
 0.34802 -1.10186 -1.15633 B   196 
 0.16364 -1.26141 -0.92527 H   196 
 0.05927 -0.87353 -1.12133 B   197 
 0.00476 -0.74246 -1.48424 Y   197 
-0.07736 -0.56292 -1.01170 B   198 
-0.09383 -0.71460 -0.70111 L   198 
-0.38032 -0.38634 -1.04945 B   199 
-0.44450 -0.36072 -1.29446 S   199 
-0.42507 -0.03259 -0.99425 B   200 
-0.25676 -0.05857 -0.81836 T   200 
-0.69095  0.17094 -0.83426 B   201 
-0.79867 -0.01006 -1.14782 Q   201 
-0.75937  0.51642 -0.73746 B   202 
-0.56383  0.41186 -0.57289 S   202 
-0.96734  0.71742 -0.49934 B   203 
-1.15939  0.72284 -0.67730 V   203 
-0.97745  1.05081 -0.40035 B   204 
-0.64630  0.99456 -0.33401 L   204 
-1.12091  1.21085 -0.10359 B   205 
-1.33011  1.09350 -0.16583 S   205 
-1.36626  1.39934  0.08968 B   206 
-0.97494  1.59482  0.11988 K   206 
-1.49371  1.49449  0.40343 B   207 
-1.62081  1.30084  0.60340 D   207 
-1.72400  1.73955  0.46408 B   208 
-1.84600  1.60692  0.29681 P   208 
-1.72842  1.65744  0.80103 B   209 
-2.03916  1.62563  0.72314 N   209 
-1.40129  1.69997  0.80603 B   210 
-1.27807  1.43399  0.97289 E   210 
-1.15604  1.89058  0.98395 B   211 
-1.28018  1.99134  1.11563 K   211 
-0.94432  1.70197  0.95156 B   212 
-1.05213  1.39739  1.32028 R   212 
-0.68172  1.56208  0.83206 B   213 
-0.43521  1.70856  0.66879 D   213 
-0.76038  1.37899  0.52259 B   214 
-1.07271  1.43108  0.55641 H   214 
-0.85751  1.04565  0.36461 B   215 
-0.56142  0.95577  0.13179 M   215 
-1.04018  0.91859  0.10201 B   216 
-1.29097  0.95048  0.19367 V   216 
-1.05493  0.56580 -0.00305 B   217 
-0.74380  0.51850 -0.08275 L   217 
-1.05582  0.39637 -0.32327 B   218 
-1.35342  0.33839 -0.42371 L   218 
-0.99593  0.04768 -0.41548 B   219 
-0.59005  0.07387 -0.33717 E   219 
-0.85979 -0.14271 -0.70677 B   220 
-1.28773 -0.10028 -0.74539 F   220 
-0.75401 -0.49540 -0.71875 B   221 
-0.53806 -0.40034 -0.59675 V   221 
-0.56073 -0.69747 -0.94485 B   222 
-0.76434 -0.67960 -1.09721 T   222 
-0.45660 -0.99382 -1.10012 B   223 
-0.34857 -1.08332 -0.92791 A   223 
-0.18341 -1.07656 -1.33300 B   224 
-0.33676 -0.96849 -1.47048 A   224 
 0.02928 -1.25810 -1.59741 B   225 
-0.13629 -1.52727 -1.61078 B   226 
 0.03918 -1.66476 -1.38997 I   226 
-0.24664 -1.77905 -1.80300 B   227 
-0.16066 -1.71306 -2.03177 T   227 
-0.50070 -1.96360 -1.89269 B   228 
-0.82414 -2.07323 -1.74763 H   228 
-0.52635 -2.28962 -1.98582 B   229 
