439 
-0.22175 -2.08507 -0.65666 B   1 
-0.04392 -1.91852 -0.64219 S   1 
-0.30099 -1.99657 -0.35458 B   2 
-0.37706 -2.18173  0.01722 K   2 
-0.58792 -1.78929 -0.41744 B   3 
-0.57924 -1.70961 -0.72520 B   4 
-0.28041 -1.74839 -0.96819 E   4 
-0.87973 -1.77851 -0.81042 B   5 
-0.72042 -2.10554 -0.84918 E   5 
-0.99882 -1.51293 -0.66461 B   6 
-1.03660 -1.65056 -0.36294 L   6 
-0.84401 -1.31307 -0.90449 B   7 
-0.69264 -1.19354 -0.54470 F   7 
-1.00564 -1.34448 -1.13978 B   8 
-1.02472 -1.59128 -1.17764 T   8 
-1.01495 -1.09003 -1.30852 B   9 
-1.23269 -0.85153 -1.17830 B   10 
-1.20437 -0.63577 -1.33015 V   10 
-1.19252 -0.67831 -0.86021 B   11 
-1.13434 -0.90326 -0.73232 V   11 
-1.33273 -0.53294 -0.61028 B   12 
-1.54034 -0.59448 -0.71321 P   12 
-1.25580 -0.22212 -0.42441 B   13 
-0.95637 -0.29000 -0.48451 I   13 
-1.20684 -0.13734 -0.07105 B   14 
-1.49230 -0.05781  0.04671 L   14 
-1.12380  0.16777  0.11371 B   15 
-0.87081  0.13624  0.03023 V   15 
-1.03779  0.23230  0.46698 B   16 
-1.45748  0.21071  0.49472 E   16 
-0.94569  0.53606  0.65223 B   17 
-0.64060  0.59182  0.60381 L   17 
-0.80965  0.61670  0.96880 B   18 
-1.14409  0.57604  1.04593 D   18 
-0.67811  0.92652  1.11038 B   19 
-0.38310  1.06845  1.30104 B   20 
-0.48948  1.17209  1.56436 D   20 
-0.20549  1.38032  1.27745 B   21 
-0.08397  1.29683  1.05978 V   21 
-0.10696  1.56368  1.52128 B   22 
 0.20135  1.59945  1.43637 N   22 
-0.44082  1.56215  1.58625 B   23 
-0.54108  1.50919  1.29311 B   24 
-0.34598  1.84548  1.23510 H   24 
-0.84602  1.41824  1.18549 B   25 
-0.99772  1.26058  1.60212 K   25 
-0.92221  1.14788  0.94254 B   26 
-0.62074  1.17659  0.78866 F   26 
-1.07763  1.03464  0.62543 B   27 
-1.22689  0.91616  0.83298 S   27 
-1.07440  0.75239  0.38731 B   28 
-0.86133  0.86220  0.26647 V   28 
-1.21988  0.66939  0.06205 B   29 
-1.65275  0.43331  0.08915 R   29 
-1.21493  0.37630 -0.15470 B   30 
-1.25713  0.29076 -0.51180 B   31 
-1.65376  0.31850 -0.36886 E   31 
-1.24428 -0.01203 -0.72822 B   32 
-1.00464 -0.21649 -0.92171 B   33 
-1.25062 -0.22990 -1.22106 E   33 
-0.86500 -0.55211 -0.99125 B   34 
-0.58508 -0.70554 -1.19833 B   35 
-0.65833 -0.75640 -1.47487 D   35 
-0.37652 -0.95278 -1.11938 B   36 
-0.45237 -1.03037 -0.93890 A   36 
-0.28667 -1.07672 -1.39071 B   37 
-0.46819 -1.24647 -1.47081 T   37 
-0.17916 -0.76079 -1.46186 B   38 
-0.34040 -0.81159 -1.73604 N   38 
-0.11099 -0.57896 -1.20797 B   39 
-0.38450 -0.39444 -1.18367 B   40 
-0.49966 -0.17502 -1.54181 K   40 
-0.48764 -0.06219 -1.05802 B   41 
-0.42667 -0.23859 -0.76101 L   41 
-0.80289  0.11691 -0.97102 B   42 
-0.83807  0.11106 -1.21487 T   42 
-0.84717  0.43396 -0.79047 B   43 
-0.82363  0.16449 -0.55877 L   43 
-1.06184  0.62857 -0.56581 B   44 
-1.30003  0.94949 -0.74453 K   44 
-1.00435  0.90126 -0.34427 B   45 
-0.74538  0.57205 -0.26286 F   45 
-1.15521  1.03850 -0.03940 B   46 
-1.40585  1.05872 -0.17302 I   46 
-1.21152  1.29825  0.17861 B   47 
-1.01797  1.40555  0.36132 C   47 
-1.46256  1.27594  0.44173 B   48 
-1.48781  1.03793  0.42424 T   48 
-1.34457  1.54349  0.63588 B   49 
-1.24676  1.36979  0.77272 T   49 
-1.21389  1.71260  0.39580 B   50 
-0.91057  1.81388  0.45237 B   51 
-0.87394  2.01447  0.38593 K   51 
-0.60521  1.69943  0.40496 B   52 
-0.55658  1.38512  0.30134 L   52 
-0.33145  1.71097  0.64285 B   53 
-0.49989  1.60060  0.76627 P   53 
-0.18561  1.55412  0.41153 B   54 
-0.09856  1.38869  0.59542 V   54 
-0.02210  1.42664  0.16246 B   55 
 0.15168  1.58509  0.20443 P   55 
-0.12344  1.19778 -0.05903 B   56 
-0.55979  1.25659 -0.11838 W   56 
 0.15025  1.04336 -0.11276 B   57 
 0.16273  1.25836 -0.25990 P   57 
 0.18270  0.94400  0.19765 B   58 
 0.21624  1.16038  0.30942 T   58 
-0.07735  0.72023  0.14577 B   59 
-0.25464  0.91560  0.33922 L   59 
-0.03196  0.50856 -0.07862 B   60 
 0.04887  0.62494 -0.29761 V   60 
 0.09205  0.25435  0.07659 B   61 
 0.33313  0.33187  0.09785 T   61 
-0.15637  0.22057  0.26894 B   62 
-0.09863  0.36852  0.48103 T   62 
-0.39468  0.19573  0.06193 B   63 
-0.50301  0.51834  0.07503 L   63 
-0.24697  0.13744 -0.26878 B   64 
-0.00037 -0.08741 -0.06747 Z   64 
-0.26832 -0.27377  0.08275 B   64 
 0.41519  0.10375 -0.32182 Y   64 
-0.29535 -0.45305 -0.23202 B   65 
-0.51740 -0.35911 -0.22091 V   65 
-0.06627 -0.69289 -0.28863 B   66 
 0.22475 -0.51485 -0.06543 Q   66 
-0.26776 -0.91586 -0.40939 B   67 
-0.46735 -0.87157 -0.22778 C   67 
-0.23550 -0.76684 -0.71265 B   68 
-0.62408 -0.66412 -0.62658 F   68 
 0.00543 -0.90561 -0.79693 B   69 
 0.17654 -0.78506 -0.61410 S   69 
 0.23277 -1.01186 -1.05147 B   70 
 0.20766 -1.03885 -1.55726 R   70 
 0.31652 -1.33607 -1.07447 B   71 
 0.40604 -1.28212 -0.59854 Y   71 
 0.51535 -1.54588 -1.19241 B   72 
 0.68349 -1.36895 -1.20158 P   72 
 0.48946 -1.86866 -1.27669 B   73 
 0.57129 -1.88773 -1.56252 D   73 
 0.77108 -1.94028 -1.09856 B   74 
 0.99811 -1.76939 -1.24922 H   74 
 0.63171 -1.76752 -0.82038 B   75 
 0.89256 -1.48235 -0.85355 M   75 
 0.34465 -1.82821 -0.70583 B   76 
 0.14823 -1.75511 -1.05460 K   76 
 0.40293 -1.96479 -0.41384 B   77 
 0.72793 -2.20618 -0.30028 R   77 
 0.52602 -1.66949 -0.30845 B   78 
 0.86130 -1.85006 -0.40328 H   78 
 0.22123 -1.57220 -0.26573 B   79 
 0.07080 -1.40148 -0.44935 D   79 
 0.09944 -1.47061  0.02765 B   80 
 0.15141 -1.39681  0.36311 F   80 
-0.14438 -1.28390 -0.01971 B   81 
 0.15475 -0.98163 -0.04337 F   81 
-0.32955 -1.49962 -0.16481 B   82 
-0.27002 -1.33033 -0.56868 K   82 
-0.28557 -1.74046  0.03984 B   83 
-0.05222 -1.82639 -0.06074 S   83 
-0.47019 -1.57479  0.26908 B   84 
-0.32376 -1.47065  0.35628 A   84 
-0.71476 -1.63609  0.10947 B   85 
-0.70471 -1.25310  0.04568 M   85 
-1.00806 -1.49106  0.22684 B   86 
-1.11656 -1.67878  0.13233 P   86 
-0.93954 -1.41294  0.52610 B   87 
-0.92375 -1.79711  0.69862 E   87 
-0.64997 -1.28949  0.52534 B   88 
-0.45802 -0.99589  0.64546 B   89 
-0.26345 -0.93421  0.30963 Y   89 
-0.21437 -0.84367  0.83513 B   90 
-0.31805 -0.82149  1.08131 V   90 
-0.09988 -0.49625  0.80899 B   91 
 0.00663 -0.44351  0.43057 Q   91 
 0.21002 -0.36048  0.92178 B   92 
 0.08733 -0.52396  1.28411 E   92 
 0.34650 -0.02197  0.99611 B   93 
 0.32967 -0.07832  0.45752 R   93 
 0.64655  0.17267  0.97172 B   94 
 0.70180  0.16406  1.23573 T   94 
 0.68688  0.51840  0.89354 B   95 
 0.52205  0.47324  0.63901 I   95 
 0.99109  0.69504  0.82199 B   96 
 1.06912  0.56698  1.04146 S   96 
 1.05148  1.02440  0.80743 B   97 
 0.67342  1.02397  0.60896 F   97 
 1.30592  1.19592  0.72385 B   98 
 1.70905  1.12192  0.55880 K   98 
 1.33675  1.43660  0.95750 B   99 
 1.54605  1.62262  0.96302 D   99 
 1.05581  1.32991  1.07808 B   100 
 0.86364  1.56511  0.90732 D   100 
 0.78824  1.16330  1.10498 B   101 
 0.54144  0.90096  1.19828 B   102 
 0.75304  0.74797  1.27863 T   102 
 0.38670  0.60102  1.08801 B   103 
 0.19368  0.91923  0.76907 Y   103 
 0.11758  0.40059  1.20868 B   104 
 0.20790  0.15620  1.53946 K   104 
-0.00201  0.08002  1.08500 B   105 
 0.00591  0.19764  0.86402 T   105 
-0.32735 -0.09357  1.04961 B   106 
-0.44416 -0.45445  1.33949 R   106 
-0.44270 -0.37938  0.85894 B   107 
-0.43999 -0.22927  0.69362 A   107 
-0.71650 -0.53207  0.67475 B   108 
-0.82872 -0.69945  1.05087 E   108 
-0.71290 -0.79680  0.43127 B   109 
-0.56712 -0.65265  0.26679 V   109 
-1.02119 -0.88985  0.26611 B   110 
-1.09158 -0.93981  0.66152 K   110 
-1.30361 -1.06254  0.20839 B   111 
-1.16073 -1.17038 -0.19112 F   111 
-1.63194 -0.92155  0.11660 B   112 
-1.57736 -0.65476  0.42763 E   112 
-1.72570 -1.12697 -0.05707 B   113 
-1.63121 -0.99161 -0.37648 B   114 
-1.85661 -1.18632 -0.50799 D   114 
-1.46670 -0.79013 -0.19536 B   115 
-1.60336 -0.56762 -0.25731 T   115 
-1.17514 -0.61482 -0.15912 B   116 
-0.90457 -0.74328 -0.17233 L   116 
-1.05335 -0.52234  0.16585 B   117 
-1.30453 -0.43855  0.22689 V   117 
-0.91638 -0.20849  0.31905 B   118 
-0.62003 -0.18306  0.27842 N   118 
-0.85526 -0.16795  0.66649 B   119 
-1.36496 -0.22707  0.61845 R   119 
-0.74825  0.14243  0.83561 B   120 
-0.55027  0.12867  0.61387 I   120 
-0.49842  0.25731  1.07420 B   121 
-0.74825  0.04878  1.25791 E   121 
-0.36344  0.59046  1.14981 B   122 
-0.19995  0.68242  0.90111 L   122 
-0.06279  0.71634  1.31298 B   123 
-0.14088  0.78194  1.74493 K   123 
 0.06808  1.04233  1.35439 B   124 
 0.40142  1.15530  1.46137 B   125 
 0.36838  0.96841  1.68080 I   125 
 0.63110  1.42076  1.49801 B   126 
 0.69153  1.24128  1.75173 D   126 
 0.56880  1.64740  1.31297 B   127 
 0.45326  1.33466  1.03717 F   127 
 0.69143  1.92210  1.15432 B   128 
 1.08852  1.89626  1.03437 K   128 
 0.68996  2.24381  1.12601 B   129 
 0.48717  2.54364  1.29161 E   129 
 0.74782  2.31886  0.79587 B   130 
 0.83776  2.57230  0.73839 D   130 
 0.74804  2.06541  0.66244 B   131 
 0.69013  1.84732  0.40112 B   132 
 1.00040  1.82913  0.28717 N   132 
 0.41656  1.75078  0.52029 B   133 
 0.51808  1.49325  0.59837 I   133 
 0.26348  1.98410  0.68484 B   134 
 0.22951  1.84916  0.98392 L   134 
 0.36371  2.18929  0.43974 B   135 
 0.30691  2.08739  0.15729 B   136 
-0.04557  1.99466  0.29878 H   136 
 0.59813  1.99567 -0.03781 B   137 
 0.77770  2.28132  0.26380 K   137 
 0.47609  1.77379 -0.20967 B   138 
 0.59513  1.54141  0.01371 L   138 
 0.44479  1.62729 -0.49049 B   139 
 0.74531  1.78918 -0.74120 E   139 
 0.20152  1.51516 -0.74014 B   140 
-0.20209  1.43099 -0.69705 Y   140 
 0.36143  1.21610 -0.72083 B   141 
 0.56391  1.37943 -0.84774 N   141 
 0.53563  0.89825 -0.83442 B   142 
 0.41109  0.70958 -0.48061 F   142 
 0.75137  0.65444 -0.78182 B   143 
 1.00039  0.90032 -0.78174 N   143 
 0.94803  0.38226 -0.83287 B   144 
 0.85277  0.33647 -1.08816 S   144 
 0.95586  0.05977 -0.66077 B   145 
 0.92163  0.41250 -0.45486 H   145 
 1.09370 -0.16907 -0.40890 B   146 
 1.25964 -0.23256 -0.69498 N   146 
 0.97841 -0.46731 -0.24374 B   147 
 0.75291 -0.37640 -0.15537 V   147 
 1.12231 -0.63634  0.02769 B   148 
 1.47216 -0.44831 -0.22239 Y   148 
 1.09025 -0.98848  0.07717 B   149 
 0.78589 -0.97257  0.00227 I   149 
 1.04147 -1.19272  0.37843 B   150 
 1.28095 -1.17713  0.46198 T   150 
 1.04173 -1.42937  0.60119 B   151 
 1.00360 -1.62996  0.51538 A   151 
 0.82614 -1.50696  0.90943 B   152 
 0.81970 -1.26353  1.07931 D   152 
 0.82270 -1.76559  1.10430 B   153 
 1.00818 -1.87029  1.06882 K   153 
 0.70318 -1.67550  1.38040 B   154 
 0.86010 -1.56433  1.47854 Q   154 
 0.43402 -1.54196  1.21503 B   155 
 0.46284 -1.35169  1.25476 K   155 
 0.36752 -1.69178  0.95638 B   156 
 0.23945 -1.93378  0.94265 N   156 
 0.50727 -1.48066  0.74484 B   157 
 0.59801 -1.14302  0.65997 B   158 
 0.53383 -1.18156  0.37743 I   158 
 0.84580 -0.91214  0.54341 B   159 
 0.98644 -0.91868  1.00255 K   159 
 0.91985 -0.55624  0.47855 B   160 
 0.78832 -0.59187  0.30315 A   160 
 1.14286 -0.34194  0.27707 B   161 
 1.26245 -0.42253  0.58459 N   161 
 1.15248  0.01999  0.21338 B   162 
 0.82564 -0.05743  0.09077 F   162 
 1.20345  0.32256  0.00047 B   163 
 1.58949  0.34960  0.25489 K   163 
 1.05231  0.61968 -0.02346 B   164 
 0.77874  0.51820 -0.07972 I   164 
 1.03582  0.87291 -0.28892 B   165 
 1.33487  0.67146 -0.49354 R   165 
 0.96892  1.21605 -0.23663 B   166 
 0.66944  1.03447 -0.02960 H   166 
 0.89663  1.47777 -0.41294 B   167 
 1.01302  1.35904 -0.71124 N   167 
 1.00597  1.80440 -0.39451 B   168 
 1.06947  1.80825 -0.12595 V   168 
 0.94799  2.13220 -0.48730 B   169 
 0.70060  2.31132 -0.24097 E   169 
 1.28276  2.19771 -0.46418 B   170 
 1.32816  2.18698 -0.20390 D   170 
 1.41423  1.90131 -0.57052 B   171 
 1.40185  1.72965 -0.34716 B   172 
 1.44128  1.85236 -0.13665 S   172 
 1.40562  1.44499 -0.10654 B   173 
 1.42542  1.27094 -0.30777 V   173 
 1.16281  1.24000  0.06072 B   174 
 1.06339  1.37773  0.35404 Q   174 
 1.20562  1.00084  0.29250 B   175 
 1.51042  0.91330  0.14506 L   175 
 1.04521  0.66212  0.34337 B   176 
 0.86754  0.76359  0.34298 A   176 
 1.06148  0.42937  0.57888 B   177 
 1.39520  0.48016  0.59209 D   177 
 0.97415  0.07943  0.54715 B   178 
 0.68944  0.28723  0.34287 H   178 
 0.80013 -0.13014  0.78247 B   179 
 0.96177 -0.38531  1.08142 Y   179 
 0.68667 -0.47531  0.73947 B   180 
 0.46569 -0.44351  0.40940 Q   180 
 0.39019 -0.67854  0.84167 B   181 
 0.60419 -0.67627  1.19512 Q   181 
 0.25788 -1.01452  0.77964 B   182 
 0.20128 -0.81942  0.50895 N   182 
-0.05149 -1.18307  0.88080 B   183 
 0.06860 -1.20336  1.12251 T   183 
-0.24850 -1.44015  0.90665 B   184 
-0.09944 -1.57089  0.82183 P   184 
-0.57827 -1.50106  0.99239 B   185 
-0.73038 -1.23871  0.93196 I   185 
-0.54902 -1.77993  0.87927 B   186 
-0.46250 -1.94111  0.62702 B   187 
-0.62311 -2.23216  0.69491 D   187 
-0.17160 -2.01195  0.47286 B   188 
 0.09168 -2.11933  0.34366 B   189 
 0.16420 -1.92675  0.27148 P   189 
 0.27900 -2.39644  0.33171 B   190 
 0.17472 -2.60349  0.20873 V   190 
 0.49920 -2.19707  0.23014 B   191 
 0.65051 -2.47585  0.10549 L   191 
 0.72347 -1.97446  0.26385 B   192 
 0.64325 -1.85274  0.58534 L   192 
 0.88330 -1.73721  0.11548 B   193 
 0.69844 -1.61016  0.10613 P   193 
 1.12006 -1.63640 -0.06852 B   194 
 1.25532 -1.95570 -0.13354 D   194 
 1.32172 -1.41685 -0.16379 B   195 
 1.50121 -1.34431  0.11741 N   195 
 1.17541 -1.10186 -0.27681 B   196 
 0.88312 -1.26141 -0.32094 H   196 
 1.00072 -0.87353 -0.50937 B   197 
 1.28775 -0.74246 -0.73804 Y   197 
 0.83746 -0.56292 -0.57287 B   198 
 0.56025 -0.71460 -0.43183 L   198 
 0.71866 -0.38634 -0.85411 B   199 
 0.89875 -0.36072 -1.03221 S   199 
 0.64848 -0.03259 -0.86527 B   200 
 0.58032 -0.05857 -0.63156 T   200 
 0.37699  0.17094 -1.01552 B   201 
 0.59467 -0.01006 -1.26560 Q   201 
 0.25894  0.51642 -1.02637 B   202 
 0.21420  0.41186 -0.77475 S   202 
-0.05127  0.71742 -1.08741 B   203 
 0.00683  0.72284 -1.34271 V   203 
-0.14205  1.05081 -1.04666 B   204 
-0.03391  0.99456 -0.72672 L   204 
-0.47077  1.21085 -1.02252 B   205 
-0.52148  1.09350 -1.23481 S   205 
-0.76083  1.39934 -1.13835 B   206 
-0.59131  1.59482 -0.78436 K   206 
-1.09627  1.49449 -1.09184 B   207 
-1.33300  1.30084 -1.10192 D   207 
-1.26394  1.73955 -1.26094 B   208 
-1.18009  1.60692 -1.45024 P   208 
-1.55795  1.65744 -1.09629 B   209 
-1.64588  1.62563 -1.40434 N   209 
-1.39871  1.69997 -0.81049 B   210 
-1.48160  1.43399 -0.62035 E   210 
-1.43016  1.89058 -0.50914 B   211 
-1.60627  1.99134 -0.55080 K   211 
-1.29624  1.70197 -0.34198 B   212 
-1.66947  1.39739 -0.25098 R   212 
-1.06145  1.56208 -0.17432 B   213 
-0.79680  1.70856 -0.04248 D   213 
-0.83278  1.37899 -0.39719 B   214 
-1.01824  1.43108 -0.65075 H   214 
-0.74453  1.04565 -0.56030 B   215 
-0.39486  0.95577 -0.42030 M   215 
-0.60846  0.91859 -0.84980 B   216 
-0.81324  0.95048 -1.02115 V   216 
-0.52485  0.56580 -0.91511 B   217 
-0.30025  0.51850 -0.68552 L   217 
-0.24798  0.39637 -1.07599 B   218 
-0.30981  0.33839 -1.38394 L   218 
-0.13819  0.04768 -1.07024 B   219 
-0.00305  0.07387 -0.67958 E   219 
 0.18215 -0.14271 -1.09800 B   220 
 0.00162 -0.10028 -1.48790 F   220 
 0.24542 -0.49540 -1.01237 B   221 
 0.24774 -0.40034 -0.76436 V   221 
 0.53787 -0.69747 -0.95805 B   222 
 0.56801 -0.67960 -1.21056 T   222 
 0.72440 -0.99382 -0.94551 B   223 
 0.62929 -1.08332 -0.76585 A   223 
 1.06268 -1.07656 -0.82537 B   224 
 1.10506 -0.96849 -1.02692 A   224 
 1.39801 -1.25810 -0.77340 B   225 
 1.32680 -1.52727 -0.92346 B   226 
 1.22331 -1.66476 -0.66109 I   226 
 1.43809 -1.77905 -1.11513 B   227 
 1.67920 -1.71306 -1.15507 T   227 
 1.38873 -1.96360 -1.38000 B   228 
 1.10137 -2.07323 -1.58758 H   228 
 1.45655 -2.28962 -1.44878 B   229 
