439 
 1.91460 -0.85493 -0.65673 B   1 
 1.81112 -0.63435 -0.64225 S   1 
 1.80597 -0.90296 -0.35465 B   2 
 1.95858 -1.03251  0.01715 K   2 
 1.52019 -1.11184 -0.41750 B   3 
 1.44707 -1.07897 -0.72526 B   4 
 1.57626 -0.80672 -0.96825 E   4 
 1.41979 -1.38605 -0.81048 B   5 
 1.78003 -1.33553 -0.84925 E   5 
 1.13042 -1.41728 -0.66467 B   6 
 1.24966 -1.49573 -0.36300 L   6 
 0.98814 -1.20831 -0.90453 B   7 
 0.92122 -1.02742 -0.54474 F   7 
 0.96809 -1.37174 -1.13983 B   8 
 1.19692 -1.46611 -1.17769 T   8 
 0.72320 -1.30200 -1.30856 B   9 
 0.42911 -1.43542 -1.17832 B   10 
 0.23264 -1.34184 -1.33018 V   10 
 0.27678 -1.34371 -0.86024 B   11 
 0.50870 -1.35786 -0.73235 V   11 
 0.09521 -1.43217 -0.61030 B   12 
 0.08961 -1.64863 -0.71323 P   12 
-0.17664 -1.26300 -0.42442 B   13 
-0.01959 -0.99917 -0.48452 I   13 
-0.24214 -1.19025 -0.07105 B   14 
-0.40595 -1.43719  0.04670 L   14 
-0.50668 -1.01703  0.11371 B   15 
-0.39855 -0.78615  0.03023 V   15 
-0.54147 -0.91530  0.46699 B   16 
-0.65057 -1.32113  0.49472 E   16 
-0.80193 -0.73388  0.65224 B   17 
-0.76073 -0.42649  0.60383 L   17 
-0.83660 -0.57959  0.96882 B   18 
-0.90123 -0.91024  1.04595 D   18 
-1.09063 -0.35879  1.11041 B   19 
-1.13449 -0.03437  1.30108 B   20 
-1.26592 -0.10353  1.56440 D   20 
-1.37625  0.23090  1.27750 B   21 
-1.25932  0.32068  1.05983 V   21 
-1.52021  0.38124  1.52133 B   22 
-1.45900  0.68552  1.43643 N   22 
-1.62187  0.06323  1.58630 B   23 
-1.60248 -0.04849  1.29316 B   24 
-1.86207  0.24095  1.23517 H   24 
-1.61017 -0.36661  1.18554 B   25 
-1.50706 -0.55958  1.60216 K   25 
-1.37657 -0.52257  0.94258 B   26 
-1.31076 -0.22697  0.78870 F   26 
-1.31688 -0.70537  0.62547 B   27 
-1.25030 -0.88393  0.83301 S   27 
-1.04745 -0.78947  0.38733 B   28 
-1.08607 -0.55290  0.26650 V   28 
-1.01345 -0.95347  0.06208 B   29 
-0.92262 -1.43810  0.08917 R   29 
-0.73316 -1.03929 -0.15468 B   30 
-0.66485 -1.10584 -0.51179 B   31 
-0.81375 -1.47452 -0.36885 E   31 
-0.37291 -1.18715 -0.72822 B   32 
-0.10443 -1.02238 -0.92172 B   33 
-0.16766 -1.26047 -1.22107 E   33 
 0.25791 -0.99323 -0.99127 B   34 
 0.49029 -0.77438 -1.19835 B   35 
 0.51603 -0.85976 -1.47489 D   35 
 0.78986 -0.65239 -1.11941 B   36 
 0.84023 -0.74850 -0.93893 A   36 
 0.93548 -0.60521 -1.39075 B   37 
 1.04086 -0.83029 -1.47086 T   37 
 0.66821 -0.40537 -1.46189 B   38 
 0.66671 -0.57441 -1.73607 N   38 
 0.51633 -0.28437 -1.20799 B   39 
 0.25635 -0.48752 -1.18369 B   40 
 0.01208 -0.52927 -1.54182 K   40 
-0.09150 -0.48300 -1.05802 B   41 
 0.09511 -0.47949 -0.76102 L   41 
-0.35922 -0.72751 -0.97101 B   42 
-0.36453 -0.76278 -1.21487 T   42 
-0.67443 -0.67170 -0.79045 B   43 
-0.41087 -0.73254 -0.55877 L   43 
-0.92583 -0.81576 -0.56578 B   44 
-1.30464 -0.94318 -0.74450 K   44 
-1.16742 -0.67686 -0.34424 B   45 
-0.77432 -0.53224 -0.26284 F   45 
-1.34454 -0.77795 -0.03937 B   46 
-1.44119 -1.01009 -0.17298 I   46 
-1.60897 -0.75128  0.17865 B   47 
-1.65124 -0.53406  0.36137 C   47 
-1.66528 -0.99694  0.44177 B   48 
-1.44672 -1.09447  0.42427 T   48 
-1.88330 -0.80208  0.63593 B   49 
-1.68788 -0.76271  0.77277 T   49 
-2.00378 -0.62555  0.39586 B   50 
-2.00642 -0.30578  0.45243 B   51 
-2.18590 -0.20899  0.38600 K   51 
-1.80326 -0.05070  0.40502 B   52 
-1.48930 -0.10153  0.30139 L   52 
-1.72966  0.21323  0.64291 B   53 
-1.67671  0.01893  0.76632 P   53 
-1.53544  0.30350  0.41158 B   54 
-1.35121  0.33519  0.59546 V   54 
-1.36370  0.41963  0.16251 B   55 
-1.46072  0.63385  0.20448 P   55 
-1.17735  0.25256 -0.05899 B   56 
-1.36805 -0.14428 -0.11833 W   56 
-0.94593  0.46517 -0.11273 B   57 
-1.14657  0.54345 -0.25986 P   57 
-0.84141  0.46534  0.19768 B   58 
-1.03684  0.56408  0.30945 T   58 
-0.70890  0.14889  0.14579 B   59 
-0.94947  0.04061  0.33925 L   59 
-0.49357  0.12669 -0.07860 B   60 
-0.57929  0.23951 -0.29759 V   60 
-0.21348  0.16611  0.07660 B   61 
-0.21274  0.41934  0.09787 T   61 
-0.25808 -0.08060  0.26895 B   62 
-0.38095  0.02001  0.48104 T   62 
-0.30806 -0.31493  0.06194 B   63 
-0.64836 -0.31831  0.07504 L   63 
-0.20701 -0.19244 -0.26877 B   64 
 0.08302 -0.02735 -0.06748 Z   64 
 0.17751 -0.33976  0.08274 B   64 
 0.02955  0.42694 -0.32182 Y   64 
 0.33966 -0.42084 -0.23203 B   65 
 0.18173 -0.60302 -0.22092 V   65 
 0.63853 -0.27705 -0.28865 B   66 
 0.55909  0.05473 -0.06544 Q   66 
 0.78835 -0.53755 -0.40942 B   67 
 0.68460 -0.71370 -0.22781 C   67 
 0.65658 -0.46083 -0.71268 B   68 
 0.43886 -0.79869 -0.62660 F   68 
 0.86298 -0.27455 -0.79696 B   69 
 0.80118 -0.07457 -0.61413 S   69 
 1.03425 -0.09114 -1.05151 B   70 
 1.05214 -0.12335 -1.55730 R   70 
 1.36848 -0.11162 -1.07452 B   71 
 1.34483 -0.00983 -0.59858 Y   71 
 1.62943  0.01267 -1.19246 B   72 
 1.51309  0.22725 -1.20163 P   72 
 1.92843 -0.11165 -1.27675 B   73 
 1.97183 -0.03970 -1.56258 D   73 
 2.08353  0.13408 -1.09863 B   74 
 1.99112  0.40279 -1.24928 H   74 
 1.87619  0.05489 -0.82043 B   75 
 1.68553  0.39106 -0.85360 M   75 
 1.84525 -0.23689 -0.70589 B   76 
 1.71504 -0.40112 -1.05466 K   76 
 1.99316 -0.22364 -0.41390 B   77 
 2.32314  0.01090 -0.30035 R   77 
 1.75032 -0.01537 -0.30851 B   78 
 2.02562  0.24774 -0.40334 H   78 
 1.56364 -0.27520 -0.26578 B   79 
 1.35481 -0.36554 -0.44940 D   79 
 1.42941 -0.35966  0.02760 B   80 
 1.37529 -0.28744  0.36306 F   80 
 1.17653 -0.53388 -0.01975 B   81 
 0.98142 -0.15602 -0.04341 F   81 
 1.32449 -0.77663 -0.16486 B   82 
 1.18186 -0.66772 -0.56873 K   82 
 1.56716 -0.80919  0.03978 B   83 
 1.72095 -0.61380 -0.06080 S   83 
 1.35256 -0.93361  0.26903 B   84 
 1.29874 -0.76218  0.35623 A   84 
 1.33532 -1.18516  0.10941 B   85 
 0.97416 -1.05730  0.04564 M   85 
 1.10679 -1.41932  0.22679 B   86 
 1.25181 -1.58050  0.13227 P   86 
 1.05367 -1.33003  0.52606 B   87 
 1.42393 -1.43367  0.69856 E   87 
 1.02570 -1.01649  0.52530 B   88 
 0.80574 -0.74323  0.64543 B   89 
 0.80716 -0.53913  0.30960 Y   89 
 0.73623 -0.46448  0.83510 B   90 
 0.68312 -0.55625  1.08128 V   90 
 0.44116 -0.24828  0.80897 B   91 
 0.42388 -0.13069  0.43056 Q   91 
 0.40775  0.08840  0.92177 B   92 
 0.52535 -0.07879  1.28410 E   92 
 0.12796  0.32276  0.99611 B   93 
 0.17633  0.28935  0.45752 R   93 
 0.03551  0.66825  0.97173 B   94 
 0.06077  0.71814  1.23574 T   94 
-0.28086  0.81340  0.89356 B   95 
-0.28883  0.64269  0.63902 I   95 
-0.35490  1.15730  0.82202 B   96 
-0.20899  1.19196  1.04148 S   96 
-0.64951  1.31647  0.80747 B   97 
-0.76588  0.95676  0.60899 F   97 
-0.73405  1.61144  0.72389 B   98 
-0.53916  1.97201  0.55883 K   98 
-0.95343  1.71510  0.95755 B   99 
-1.06571  1.97163  0.96307 D   99 
-0.93873  1.41495  1.07812 B   100 
-1.22180  1.30483  0.90738 D   100 
-0.86291  1.10900  1.10502 B   101 
-0.68963  0.79324  1.19831 B   102 
-0.47876  0.94724  1.27866 T   102 
-0.45215  0.55342  1.08803 B   103 
-0.81443  0.46813  0.76910 Y   103 
-0.34464  0.23555  1.20869 B   104 
-0.08430  0.24597  1.53946 K   104 
-0.07669  0.02280  1.08500 B   105 
-0.18612  0.06666  0.86402 T   105 
-0.01208 -0.34025  1.04961 B   106 
 0.29508 -0.56282  1.33948 R   106 
 0.22412 -0.53825  0.85893 B   107 
 0.08218 -0.48930  0.69361 A   107 
 0.28477 -0.84581  0.67473 B   108 
 0.40931 -1.00425  1.05085 E   108 
 0.53765 -0.92416  0.43125 B   109 
 0.44558 -0.74098  0.26677 V   109 
 0.53093 -1.24611  0.26608 B   110 
 0.55671 -1.32849  0.66149 K   110 
 0.60794 -1.56807  0.20835 B   111 
 0.75463 -1.46548 -0.19116 F   111 
 0.37243 -1.83679  0.11657 B   112 
 0.13554 -1.70248  0.42761 E   112 
 0.53884 -1.98941 -0.05711 B   113 
 0.43926 -1.85773 -0.37652 B   114 
 0.55484 -2.13225 -0.50803 D   114 
 0.29846 -1.63903 -0.19539 B   115 
 0.04462 -1.70028 -0.25733 T   115 
 0.22178 -1.30758 -0.15914 B   116 
 0.42753 -1.08992 -0.17236 L   116 
 0.17145 -1.16318  0.16583 B   117 
 0.01417 -1.37620  0.22687 V   117 
-0.08474 -0.93597  0.31904 B   118 
-0.01740 -0.64625  0.27841 N   118 
-0.10441 -0.86532  0.66648 B   119 
-0.20562 -1.36836  0.61845 R   119 
-0.36655 -0.66768  0.83561 B   120 
-0.29233 -0.48362  0.61387 I   120 
-0.39864 -0.39458  1.07421 B   121 
-0.27747 -0.69661  1.25791 E   121 
-0.67381 -0.16331  1.14983 B   122 
-0.71079  0.02060  0.90113 L   122 
-0.70067  0.16153  1.31300 B   123 
-0.78717  0.10751  1.74495 K   123 
-0.97029  0.38669  1.35442 B   124 
-0.97477  0.73863  1.46141 B   125 
-0.80722  0.64946  1.68083 I   125 
-1.15631  1.03907  1.49806 B   126 
-0.96693  1.04110  1.75177 D   126 
-1.39111  1.04982  1.31303 B   127 
-1.12936  0.84333  1.03722 F   127 
-1.61451  1.25130  1.15438 B   128 
-1.46729  1.62099  1.03444 K   128 
-1.92094  1.34927  1.12608 B   129 
-2.26874  1.24901  1.29170 E   129 
-1.97447  1.42749  0.79595 B   130 
-2.18773  1.59131  0.73848 D   130 
-1.73334  1.34941  0.66251 B   131 
-1.54381  1.22697  0.40119 B   132 
-1.43068  1.51645  0.28723 N   132 
-1.53649  0.93696  0.52035 B   133 
-1.26019  0.95397  0.59842 I   133 
-1.80568  0.86343  0.68491 B   134 
-1.68782  0.78944  0.98398 L   134 
-1.96988  1.02214  0.43981 B   135 
-1.89052  0.93665  0.15737 B   136 
-1.91119  0.57276  0.29885 H   136 
-1.71334  1.18529 -0.03775 B   137 
-1.92955  1.44432  0.26388 K   137 
-1.54001  1.00069 -0.20961 B   138 
-1.28222  1.04213  0.01376 L   138 
-1.41035  0.92568 -0.49044 B   139 
-1.47151  1.26150 -0.74114 E   139 
-1.37885  0.65967 -0.74009 B   140 
-1.42346  0.24980 -0.69700 Y   140 
-1.04503  0.71939 -0.72078 B   141 
-1.13783  0.96242 -0.84769 N   141 
-0.68891  0.78690 -0.83439 B   142 
-0.54792  0.61016 -0.48059 F   142 
-0.39038  0.91678 -0.78180 B   143 
-0.54733  1.22957 -0.78171 N   143 
-0.07077  1.01975 -0.83285 B   144 
-0.05665  0.91501 -1.08815 S   144 
 0.23838  0.92759 -0.66077 B   145 
-0.10767  1.00398 -0.45484 H   145 
 0.49861  0.98801 -0.40891 B   146 
 0.61024  1.12622 -0.69499 N   146 
 0.74666  0.78622 -0.24376 B   147 
 0.59055  0.59983 -0.15538 V   147 
 0.95188  0.87088  0.02767 B   148 
 0.88109  1.26170 -0.22241 Y   148 
 1.27689  0.73162  0.07713 B   149 
 1.16776  0.44706  0.00224 I   149 
 1.45609  0.62214  0.37839 B   150 
 1.51524  0.85472  0.46194 T   150 
 1.68126  0.54928  0.60115 B   151 
 1.86027  0.45107  0.51532 A   151 
 1.68848  0.32027  0.90938 B   152 
 1.45497  0.38933  1.07927 D   152 
 1.93341  0.23711  1.10424 B   153 
 2.09027  0.38119  1.06875 K   153 
 1.81082  0.15126  1.38034 B   154 
 1.75355  0.33484  1.47849 Q   154 
 1.60066 -0.06349  1.21498 B   155 
 1.42860  0.02268  1.25472 K   155 
 1.72261 -0.17301  0.95633 B   156 
 1.91321 -0.36957  0.94259 N   156 
 1.56497  0.02512  0.74479 B   157 
 1.27186  0.21571  0.65993 B   158 
 1.28868  0.14276  0.37739 I   158 
 1.12880  0.52270  0.54338 B   159 
 1.17848  0.65443  1.00252 K   159 
 0.81317  0.70306  0.47853 B   160 
 0.80643  0.56696  0.30313 A   160 
 0.67823  0.98136  0.27706 B   161 
 0.79183  1.07021  0.58458 N   161 
 0.33697  1.10230  0.21338 B   162 
 0.30964  0.76753  0.09077 F   162 
 0.06493  1.24424  0.00048 B   163 
 0.15846  1.61974  0.25490 K   163 
-0.26435  1.19226 -0.02344 B   164 
-0.25233  0.90072 -0.07970 I   164 
-0.51029  1.25479 -0.28890 B   165 
-0.22633  1.47700 -0.49352 R   165 
-0.85731  1.29715 -0.23659 B   166 
-0.77711  0.95623 -0.02957 H   166 
-1.12858  1.30924 -0.41289 B   167 
-0.97971  1.38326 -0.71120 N   167 
-1.40546  1.51412 -0.39445 B   168 
-1.38950  1.57570 -0.12588 V   168 
-1.73515  1.56023 -0.48723 B   169 
-1.98191  1.38025 -0.24089 E   169 
-1.69405  1.89886 -0.46411 B   170 
-1.66981  1.93873 -0.20383 D   170 
-1.37154  1.93235 -0.57046 B   171 
-1.21208  1.86756 -0.34710 B   172 
-1.31661  1.94295 -0.13658 S   172 
-0.94017  1.78321 -0.10649 B   173 
-0.76853  1.74829 -0.30773 V   173 
-0.82020  1.48896  0.06076 B   174 
-0.98190  1.43694  0.35408 Q   174 
-0.57950  1.45580  0.29253 B   175 
-0.40210  1.71866  0.14509 L   175 
-0.30689  1.19861  0.34339 B   176 
-0.45827  1.06097  0.34301 A   176 
-0.08049  1.14219  0.57890 B   177 
-0.02572  1.47529  0.59210 D   177 
 0.22537  0.95104  0.54715 B   178 
-0.06022  0.74444  0.34288 H   178 
 0.37094  0.72080  0.78247 B   179 
 0.66357  0.79572  1.08140 Y   179 
 0.66419  0.50628  0.73945 B   180 
 0.56568  0.30592  0.40939 Q   180 
 0.76591  0.16152  0.84165 B   181 
 0.82986  0.36575  1.19510 Q   181 
 1.04459 -0.06810  0.77961 B   182 
 0.84154 -0.06167  0.50892 N   182 
 1.10935 -0.41440  0.88076 B   183 
 1.16574 -0.30646  1.12247 T   183 
 1.29300 -0.68119  0.90660 B   184 
 1.46339 -0.57979  0.82177 P   184 
 1.24908 -1.01364  0.99234 B   185 
 0.95257 -1.07729  0.93192 I   185 
 1.52335 -1.07196  0.87921 B   186 
 1.70336 -1.03946  0.62696 B   187 
 1.93057 -1.28211  0.69484 D   187 
 1.86058 -0.78466  0.47279 B   188 
 2.04402 -0.56741  0.34358 B   189 
 1.88326 -0.43896  0.27141 P   189 
 2.36545 -0.47485  0.33163 B   190 
 2.53016 -0.63798  0.20865 V   190 
 2.24384 -0.20383  0.23007 B   191 
 2.55572 -0.14603  0.10541 L   191 
 2.10138  0.07823  0.26379 B   192 
 1.96085  0.03952  0.58527 L   192 
 1.92510  0.30353  0.11542 B   193 
 1.74716  0.16695  0.10607 P   193 
 1.90234  0.55985 -0.06858 B   194 
 2.24780  0.58988 -0.13360 D   194 
 1.75581  0.81946 -0.16384 B   195 
 1.74227  1.01258  0.11736 N   195 
 1.41103  0.77760 -0.27685 B   196 
 1.47249  0.45032 -0.32099 H   196 
 1.13989  0.68198 -0.50940 B   197 
 1.10389  0.99546 -0.73806 Y   197 
 0.79405  0.62264 -0.57289 B   198 
 0.85269  0.31214 -0.43186 L   198 
 0.58940  0.56420 -0.85413 B   199 
 0.62065  0.74340 -1.03222 S   199 
 0.23127  0.60672 -0.86527 B   200 
 0.23493  0.53385 -0.63156 T   200 
-0.04617  0.41136 -1.01551 B   201 
 0.19321  0.56249 -1.26560 Q   201 
-0.41122  0.40580 -1.02635 B   202 
-0.32559  0.33095 -0.77473 S   202 
-0.69821  0.17285 -1.08739 B   203 
-0.68543  0.22977 -1.34269 V   203 
-1.04334  0.18948 -1.04663 B   204 
-0.95642  0.27495 -0.72669 L   204 
-1.29708 -0.07374 -1.02248 B   205 
-1.20114 -0.15821 -1.23477 S   205 
-1.56596 -0.29140 -1.13831 B   206 
-1.69950 -0.06978 -0.78431 K   206 
-1.76006 -0.58104 -1.09179 B   207 
-1.64900 -0.86601 -1.10188 D   207 
-2.04493 -0.66482 -1.26088 B   208 
-1.89289 -0.62603 -1.45019 P   208 
-2.05764 -0.96982 -1.09623 B   209 
-2.05455 -1.06327 -1.40429 N   209 
-2.04890 -0.80523 -0.81044 B   210 
-1.82152 -0.96622 -0.62030 E   210 
-2.23989 -0.77627 -0.50908 B   211 
-2.39012 -0.91265 -0.55074 K   211 
-2.01914 -0.70716 -0.34193 B   212 
-1.84473 -1.15621 -0.25094 R   212 
-1.81356 -0.52706 -0.17427 B   213 
-1.87113 -0.23010 -0.04243 D   213 
-1.56880 -0.36612 -0.39714 B   214 
-1.67563 -0.52641 -0.65071 H   214 
-1.22451 -0.38514 -0.56026 B   215 
-1.03101 -0.08033 -0.42026 M   215 
-1.06164 -0.29497 -0.84976 B   216 
-1.15523 -0.47989 -1.02112 V   216 
-0.70027 -0.32441 -0.91509 B   217 
-0.58591 -0.12541 -0.68550 L   217 
-0.45362 -0.11342 -1.07598 B   218 
-0.41758 -0.19012 -1.38393 L   218 
-0.08807 -0.11669 -1.07023 B   219 
-0.07122  0.01993 -0.67958 E   219 
 0.19196  0.12918 -1.09800 B   220 
 0.09583 -0.02942 -1.48791 F   220 
 0.54695  0.08041 -1.01239 B   221 
 0.45726  0.11198 -0.76437 V   221 
 0.82947  0.29614 -0.95807 B   222 
 0.82177  0.33033 -1.21058 T   222 
 1.16895  0.38202 -0.94554 B   223 
 1.22469  0.26392 -0.76588 A   223 
 1.35213  0.67820 -0.82540 B   224 
 1.26243  0.75189 -1.02695 A   224 
 1.62837  0.94107 -0.77344 B   225 
 1.86237  0.79020 -0.92351 B   226 
 1.96119  0.64930 -0.66115 I   226 
 2.13622  0.81827 -1.11519 B   227 
 2.14792  1.06798 -1.15513 T   227 
 2.29648  0.71433 -1.38007 B   228 
 2.31199  0.40717 -1.58765 H   228 
 2.62751  0.67813 -1.44886 B   229 
